OPENBVE1530
#ACCELERATION
1.4,1.2,30,90,99
2,1.8,45,90,99
2.6,2.4,65,90,99
3.9,3.7,80,90,99
#PERFORMANCE
5              ; Deceleration
0.35           ; CoefficientOfStaticFriction
0              ; Reserved (not used)
0.0025         ; CoefficientOfRollingResistance
1.2            ; AerodynamicDragCoefficient
#DELAY
0              ; DelayPowerUp
0              ; DelayPowerDown
0              ; DelayBrakeUp
0              ; DelayBrakeDown
#MOVE
1000           ; JerkPowerUp
1000           ; JerkPowerDown
3000           ; JerkBrakeUp
3000           ; JerkBrakeDown
300            ; BrakeCylinderUp
300            ; BrakeCylinderDown
#BRAKE
1              ; BrakeType
1              ; BrakeControlSystem
2              ; BrakeControlSpeed
#PRESSURE
350            ; BrakeCylinderServiceMaximumPressure
600            ; BrakeCylinderEmergencyMaximumPressure
720            ; MainReservoirMinimumPressure
940            ; MainReservoirMaximumPressure
635            ; BrakePipeNormalPressure
#HANDLE
1              ; HandleType
4              ; PowerNotches
3              ; BrakeNotches
0              ; PowerNotchReduceSteps
-1             ; EbHandleBehaviour (1.5.3.3+)
#CAB
1000           ; X
2700           ; Y
-1000          ; Z
0              ; DriverCar
#CAR
38.3           ; MotorCarMass
4              ; NumberOfMotorCars
32.2           ; TrailerCarMass
2              ; NumberOfTrailerCars
25             ; LengthOfACar
0              ; FrontCarIsAMotorCar
2.4            ; WidthOfACar
3.2            ; HeightOfACar
3.0            ; CenterOfGravityHeight
5              ; ExposedFrontalArea
1.6            ; UnexposedFrontalArea
#DEVICE
1              ; Ats
2              ; Atc
0              ; Eb
1              ; ConstSpeed
0              ; HoldBrake
0              ; ReAdhesionDevice
0              ; Reserved (not used)
0              ; PassAlarm
2              ; DoorOpenMode
2              ; DoorCloseMode
#MOTOR_P1
0,100,164.248704663212
0,100,164.248702899162
0,100,164.248702899162
0,100,164.248702899162
0,100,164.248702899162
0,100,164.248702899162
0,100,164.248702899162
0,100,164.248702899162
0,100,164.248702899162
0,100,164.248702899162
0,100,164.248702899162
0,100,163.212474301457
0,100,101.243524551392
0,100,76.0621738433838
0,100,50.880823135376
0,100,25.6994724273682
0,100,0.518123626708984
-1,100,0
-1,100,127.842081352137
-1,100,127.834459587
-1,100,127.826837821864
-1,100,127.819216056727
-1,100,127.81159429159
-1,100,128
-1,100,128
-1,100,128
-1,100,128
-1,100,128
-1,100,128
-1,100,128
-1,100,128
-1,100,128
-1,100,128
-1,100,128
-1,100,6.21761655807495
2,48.704662322998,12.6295323371887
2,50.2317961454391,19.0414476394653
2,51.7589300870895,25.4533624649048
2,53.2860640287399,31.8652772903442
2,54.8131979703903,38.2771921157837
2,56.3403319120407,44.6891069412231
2,57.8674658536911,51.1010217666626
2,59.3945997953415,55.9585494995117
2,60.9217337369919,56.2816217541695
2,62.4488676786423,56.6046922802925
2,63.9760016202927,56.9277628064156
2,65.5031355619431,57.2508333325386
2,67.0302695035934,57.5739038586617
2,68.5573996305466,57.8969743847847
2,70.0845297574997,58.2200449109077
2,71.6116598844528,58.5431154370308
2,73.1387900114059,58.8661859631538
2,74.6659201383591,59.1892564892769
2,76.1930502653122,59.5123270153999
2,77.7201803922653,59.835397541523
2,79.2473105192184,60.158468067646
2,80.7744406461716,60.4815385937691
2,82.3015707731247,60.8046091198921
2,83.8287009000778,61.1276796460152
2,85.3558310270309,61.4507501721382
2,86.8829611539841,61.7738206982613
2,88.4100912809372,62.0968912243843
2,89.9372214078903,62.4199617505074
2,91.4643515348434,62.7430322766304
2,92.9914816617966,63.0661028027534
2,94.5186117887497,63.3891733288765
2,96.0457419157028,63.7122438549995
2,97.5728720426559,64.0353143811226
2,99.1000021696091,64.3583887219429
2,100.627132296562,64.6814630627632
2,102.154262423515,65.0045374035835
2,104.663215637207,65.3276117444038
2,105.526773273945,65.6506860852242
2,106.390329182148,65.9737604260445
2,107.253885090351,66.2968347668648
2,108.117440998554,66.6199091076851
2,108.980996906757,66.9429834485054
2,109.84455281496,67.2660577893257
2,110.708108723164,67.589132130146
2,111.571664631367,67.9122064709663
2,112.43522053957,68.2352808117867
2,113.298776447773,68.558355152607
2,114.162332355976,68.8814294934273
2,115.025888264179,69.2045038342476
2,115.889444172382,69.5275781750679
2,116.753000080585,69.8506525158882
2,117.616555988789,70.1737268567085
2,118.480111896992,70.4968011975288
2,119.343667805195,70.8198755383492
2,120.207223713398,71.1429498791695
2,121.070779621601,71.4660242199898
2,121.934335529804,71.7890985608101
2,122.797891438007,72.1121729016304
2,123.66144734621,72.4352472424507
2,124.525003254414,72.758321583271
2,125.388559162617,73.0813959240913
2,126.25211507082,73.4044702649117
2,127.115670979023,73.727544605732
2,127.979226887226,74.0506189465523
2,128.842782795429,74.3736932873726
2,129.706346333027,74.6967676281929
2,130.569946289063,75.0198419690132
2,131.030510544777,75.3429163098335
2,131.491081833839,75.6659906506538
2,131.951653122902,75.9890649914742
2,132.412224411964,76.3121393322945
2,132.872795701027,76.6352136731148
2,133.333366990089,76.9582880139351
2,133.793938279152,77.2813623547554
2,134.254509568214,77.6044366955757
2,134.715080857277,77.927511036396
2,135.175652146339,78.2505853772163
2,135.636223435402,78.5736597180367
2,136.096794724464,78.896734058857
2,136.557366013527,79.2198083996773
2,137.017937302589,79.5428827404976
2,137.478508591652,79.8659570813179
2,137.939079880714,80.1890314221382
2,138.399651169777,80.5121057629585
2,138.860222458839,80.8351801037788
5,99.4818649291992,90.1554412841797
5,99.4818649736711,90.1554412051186
5,99.4818649736711,90.1554412051186
5,99.4818649736711,90.1554412051186
5,99.4818649736711,90.1554412051186
5,99.4818649736711,90.1554412051186
5,99.4818649736711,90.1554412051186
6,67.3575134277344,4.1450777053833
6,67.3575134277344,2.59067368507385
6,67.7865228950977,2.69430062174797
6,68.2155313789845,2.79792758822441
6,68.6445398628712,2.90155455470085
6,69.0735483467579,3.00518152117729
6,69.5025568306446,3.10880848765373
6,69.9315653145313,3.21243545413017
6,70.360573798418,3.31606242060661
6,70.7895822823048,3.41968938708305
6,71.2185907661915,3.52331635355949
6,71.6475992500782,3.62694311141968
6,72.0766077339649,5.24611377716064
6,72.5056162178516,6.86528444290161
6,72.9346247017384,8.48445510864258
6,73.3636331856251,10.1036257743835
6,73.7926416695118,11.7227969169617
6,74.2216501533985,13.3419680595398
6,74.6506586372852,14.9611392021179
6,75.079667121172,16.580310344696
6,75.5086756050587,18.5706068277359
6,75.9376840889454,19.0229460000992
6,76.3666925728321,19.4752851724625
6,76.7957010567188,19.9276243448257
6,77.2247095406055,20.379963517189
6,77.6537180244923,20.8323026895523
6,78.082726508379,21.2846418619156
6,78.5117349922657,21.7369810342789
6,78.9407434761524,22.1893202066422
6,79.3697519600391,22.6416593790054
6,79.7987604439259,23.0939985513687
6,80.2277689278126,23.546337723732
6,80.6567774116993,23.9986768960953
6,81.085785895586,24.4510160684586
6,81.5147943794727,24.9033552408218
6,81.9438028633595,25.3556944131851
6,82.3728113472462,25.8080335855484
6,82.8018198311329,26.2603727579117
6,83.2308283150196,26.712711930275
6,83.6598367989063,27.1650511026382
6,84.088845282793,27.6173902750015
6,84.5178537666798,28.0697294473648
6,84.9468622505665,28.5220686197281
6,85.3758707344532,28.9744077920914
6,85.8048792183399,29.4267469644547
6,86.2338877022266,29.8790861368179
6,86.6628961861134,30.3314253091812
6,87.0919046700001,30.7837644815445
6,87.5209131538868,31.2361036539078
6,87.9499216377735,31.6884428262711
6,88.3789301216602,32.1407819986343
6,88.807938605547,32.5931211709976
6,89.2369470894337,33.0454603433609
6,89.6659555733204,33.4977995157242
6,90.0949640572071,33.9501386880875
6,90.5239725410938,34.4024778604507
6,90.9529810249805,34.854817032814
6,91.3819895088673,35.3071562051773
6,91.810997992754,35.7594953775406
6,92.2400064766407,36.2118345499039
6,92.6690149605274,36.6641737222672
6,93.0980234444141,37.1165128946304
6,93.5270319283009,37.5688520669937
6,93.9560404121876,38.021191239357
6,94.3850488960743,38.4735304117203
6,94.814057379961,38.9258695840836
6,95.2430658638477,38.8601036071777
6,95.6720743477345,40.2633854150772
6,96.1010828316212,41.6666675806046
6,96.5300913155079,43.0699497461319
6,96.9590997993946,44.4732319116592
6,97.3881082832813,45.8765140771866
6,97.817116767168,47.2797962427139
6,98.2461252510548,48.6830784082413
6,98.6751337349415,50.0863605737686
6,99.1041422188282,51.489642739296
6,99.5331507027149,52.8929249048233
6,99.9621591866016,54.2962070703506
6,100.391167670488,55.699489235878
6,100.820176154375,57.1027714014053
6,101.249184638262,58.5060535669327
6,101.678193122149,59.90933573246
6,102.107201606035,61.3126178979874
6,102.536210089922,62.7159000635147
6,102.965218573809,64.1191822290421
6,103.394227057695,65.5224605798721
6,103.823235541582,66.9257427453995
6,104.252244025469,68.3290249109268
6,104.681252509356,69.7323070764542
6,105.110260993242,71.1355892419815
6,105.539269477129,72.5388565063477
6,105.968277961016,72.253882586956
6,106.397286444902,71.9689094424248
6,106.826294928789,71.6839362978935
6,107.255303412676,71.3989631533623
6,107.684311896563,71.113990008831
6,108.113320380449,70.8290168642998
6,108.542328864336,70.5440437197685
6,108.971337348223,70.2590705752373
6,109.400345832109,69.974097430706
6,109.829354315996,69.6891242861748
6,110.258362799883,69.4041511416435
6,110.68737128377,69.1191779971123
6,111.116379767656,68.834204852581
6,111.545388251543,68.5492317080498
6,111.97439673543,68.2642585635185
6,112.403405219316,67.9792854189873
6,112.832413703203,67.694312274456
6,113.26142218709,67.4093391299248
6,113.690430670977,67.1243659853935
6,114.119439154863,66.8393928408623
6,114.54844763875,65.2158313989639
6,114.977456122637,64.4635730981827
6,115.406464606524,63.7113147974014
6,115.83547309041,62.9590603113174
6,116.264481574297,62.2068058252335
6,116.693490058184,61.4545513391495
6,117.12249854207,60.7022968530655
6,117.551507025957,59.9500423669815
6,117.980515509844,59.1977878808975
6,118.409523993731,58.4455333948135
6,118.838532477617,57.6932789087296
6,119.267540961504,56.9410244226456
6,119.696549445391,56.1887699365616
6,120.125557929277,55.4365154504776
6,120.554566413164,54.6842609643936
6,120.983574897051,53.9320064783096
6,121.412583380938,53.1797519922256
6,121.841591864824,52.4274975061417
6,122.270600348711,51.6752430200577
6,122.699608832598,50.9229885339737
6,123.128617316484,50.1707340478897
6,123.557625800371,49.4184795618057
6,123.986634284258,48.6662250757217
6,124.415642768145,47.9139705896378
6,124.844651252031,47.1617161035538
6,125.273659735918,46.4094616174698
6,125.702668219805,45.6572071313858
6,126.131676703691,44.9049526453018
6,126.560685187578,44.1526981592178
6,126.989693671465,43.4004436731339
6,127.418702155352,42.6481891870499
6,127.847710639238,41.8959347009659
6,128.276719123125,41.1436802148819
6,128.705727607012,40.3914257287979
6,129.134743720293,39.6391712427139
6,129.563759833574,38.8869167566299
6,129.992775946856,38.134662270546
6,130.421792060137,37.382407784462
6,130.850808173418,36.630153298378
6,131.279824286699,35.877898812294
6,131.708840399981,35.12564432621
6,132.137856513262,34.373389840126
6,132.566872626543,33.6211353540421
6,132.995888739824,32.8688808679581
6,133.424904853106,32.1166263818741
6,133.853920966387,31.3643718957901
6,134.282937079668,30.6121174097061
6,134.711953192949,29.8598629236221
6,135.140969306231,29.1076084375381
6,135.569985419512,28.3553539514542
6,135.999001532793,27.6030994653702
6,136.428017646074,26.8508449792862
6,136.857033759356,26.0985904932022
6,137.286049872637,25.3463360071182
6,137.715065985918,24.5940815210342
6,138.144082099199,23.8418270349503
6,138.573098212481,23.0895725488663
6,139.002114325762,22.3373180627823
6,139.431130439043,21.5850635766983
6,139.860146552324,20.8328090906143
6,140.289162665606,20.0805546045303
6,140.718178778887,19.3283001184464
6,141.147194892168,18.5760456323624
6,141.576211005449,17.8237911462784
6,142.005227118731,17.0715366601944
6,142.434243232012,16.3192821741104
6,142.863259345293,15.5670276880264
6,143.292275458574,14.8147732019424
6,143.721291571856,14.0625187158585
6,144.150307685137,13.3102642297745
6,144.579323798418,12.5580097436905
6,145.008339911699,11.8057552576065
6,145.437356024981,11.0535007715225
6,145.866372138262,10.3012462854385
6,146.295388251543,9.54899179935455
6,146.724404364824,8.79673731327057
6,147.153420478106,8.04448282718658
6,147.582436591387,7.2922283411026
6,148.011452704668,6.53997337818146
6,148.440468817949,5.78771841526031
6,148.869484931231,5.03546345233917
6,149.298501044512,4.28320848941803
6,149.727517157793,3.53095352649689
6,150.156533271074,2.77869856357574
6,150.585549384356,2.0264436006546
6,151.014565497637,1.27418863773346
-1,151.443581610918,0.521933794021606
-1,151.872597724199,0
-1,152.301613837481,0
-1,152.730629950762,0
-1,153.159646064043,0
-1,153.588662177324,0
-1,154.017678290606,0
-1,154.446694403887,0
-1,154.875710517168,0
-1,155.304726630449,0
-1,155.733742743731,0
-1,156.162758857012,0
-1,156.591774970293,0
-1,157.020791083574,0
-1,157.449807196856,0
-1,157.878823310137,0
-1,158.307839423418,0
-1,158.736855536699,0
-1,159.165871649981,0
-1,159.594887763262,0
-1,160.023903876543,0
-1,160.452919989824,0
-1,160.881936103106,0
-1,161.310952216387,0
-1,161.739968329668,0
-1,162.168984442949,0
-1,162.598000556231,0
-1,163.027016669512,0
-1,163.456032782793,0
-1,163.885048896074,0
-1,164.314065009356,0
-1,164.743081122637,0
-1,165.172097235918,0
-1,165.601113349199,0
-1,166.030129462481,0
-1,166.459145575762,0
-1,166.888161689043,0
-1,167.317177802324,0
-1,167.746193915606,0
-1,168.175210028887,0
-1,168.604226142168,0
-1,169.033242255449,0
-1,169.462258368731,0
-1,169.891274482012,0
-1,170.320290595293,0
-1,170.749306708574,0
-1,171.178322821856,0
-1,171.607338935137,0
-1,172.036355048418,0
-1,172.465371161699,0
-1,172.894387274981,0
-1,173.323403388262,0
-1,173.752419501543,0
-1,174.181435614824,0
-1,174.610451728106,0
-1,175.039467841387,0
-1,175.468483954668,0
-1,175.897500067949,0
-1,176.326516181231,0
-1,176.755532294512,0
-1,177.184548407793,0
-1,177.613564521074,0
-1,178.042580634356,0
-1,178.471596747637,0
-1,178.900612860918,0
-1,179.329628974199,0
-1,179.758645087481,0
-1,180.187661200762,0
-1,180.616677314043,0
-1,181.045693427324,0
-1,181.474709540606,0
-1,181.903725653887,0
-1,182.332741767168,0
-1,182.761757880449,0
-1,183.190773993731,0
-1,183.619790107012,0
-1,184.048806220293,0
-1,184.477822333574,0
-1,184.906838446856,0
-1,185.335854560137,0
-1,185.764870673418,0
-1,186.193886786699,0
-1,186.622902899981,0
-1,187.051919013262,0
-1,187.480935126543,0
-1,187.909951239824,86.5614844411612
-1,188.338967353106,86.7232657521963
-1,188.767983466387,86.8850470632315
-1,189.196999579668,87.0468283742666
-1,189.626015692949,117.568068757653
-1,190.055031806231,117.807212129235
-1,190.484047919512,118.046355500817
-1,190.913064032793,118.285498872399
-1,191.342080146074,118.524642243981
-1,191.771096259356,118.763785615563
-1,192.200112372637,119.002928987145
-1,192.629128485918,119.242072358727
-1,193.058144599199,119.481215730309
-1,193.487160712481,119.720359101892
-1,193.916176825762,119.959502473474
-1,194.345192939043,120.198645845056
-1,194.774209052324,120.437789216638
-1,195.203225165606,120.67693258822
-1,195.632241278887,120.916075959802
-1,196.061257392168,121.155219331384
-1,196.490273505449,121.394362702966
-1,196.919289618731,121.633506074548
-1,197.348305732012,121.87264944613
-1,197.777321845293,122.111792817712
-1,198.206337958574,122.350936189294
-1,198.635354071856,122.590079560876
-1,199.064370185137,122.829222932458
-1,199.493386298418,123.06836630404
-1,199.922402411699,123.307509675622
-1,200.351418524981,123.546653047204
-1,200.780434638262,123.785796418786
-1,201.209450751543,124.024939790368
-1,201.638466864824,124.26408316195
-1,202.067482978106,124.503226533532
-1,202.496499091387,124.742369905114
-1,202.925515204668,124.981513276696
-1,203.354531317949,125.220656648278
-1,203.783547431231,125.45980001986
-1,204.212563544512,125.698943391442
-1,204.641579657793,125.938086763024
-1,205.070595771074,126.177230134606
-1,205.499611884356,126.416373506188
-1,205.928627997637,126.65551687777
-1,206.357644110918,126.894660249352
-1,206.786660224199,127.133803620934
-1,207.215676337481,127.372946992517
-1,207.644692450762,127.612090364099
-1,208.073708564043,127.851233735681
-1,208.502724677324,128.090377107263
-1,208.931740790606,128.329520478845
-1,209.360756903887,128.568656221032
-1,209.789773017168,128.80779196322
-1,210.218789130449,129.046927705407
-1,210.647805243731,129.286063447595
-1,211.076821357012,129.525199189782
-1,211.505837470293,129.76433493197
-1,211.934853583574,130.003470674157
-1,212.363869696856,130.242606416345
-1,212.792885810137,130.481742158532
-1,213.221901923418,130.72087790072
-1,213.650918036699,130.960013642907
-1,214.079934149981,131.199149385095
-1,214.508950263262,131.438285127282
-1,226.377886772156,131.67742086947
-1,226.831698417664,131.916556611657
-1,227.285510063171,132.155692353845
-1,227.739321708679,132.394828096032
-1,228.193133354187,132.63396383822
-1,228.646944999695,132.873099580407
-1,229.100756645203,133.112235322595
-1,229.55456829071,133.351371064782
-1,230.008379936218,133.59050680697
-1,230.462191581726,133.829642549157
-1,230.916003227234,134.068778291345
-1,231.369814872742,134.307914033532
-1,231.82362651825,134.54704977572
-1,232.277438163757,134.786185517907
-1,232.731249809265,135.025321260095
-1,233.185061454773,166.133175313473
-1,233.638873100281,166.753841817379
-1,234.092684745789,167.374508321285
-1,234.546496391296,167.995174825191
-1,235.000308036804,168.615841329098
-1,235.454119682312,169.236507833004
-1,235.90793132782,169.85717433691
-1,236.361742973328,170.477840840816
-1,236.815554618835,171.098507344723
-1,237.269366264343,171.719173848629
-1,237.723177909851,172.339840352535
-1,238.176989555359,172.960506856441
-1,238.630801200867,173.581173360348
-1,239.084612846375,174.201839864254
-1,239.538424491882,174.82250636816
-1,239.99223613739,175.443172872066
-1,240.446047782898,176.063839375973
-1,240.899859428406,176.684505879879
-1,241.353671073914,85.5231585986912
-1,241.807482719421,85.5470691211522
-1,242.261294364929,85.5709796436131
-1,242.715106010437,85.594890166074
-1,243.168917655945,85.618800688535
-1,243.622729301453,85.6427112109959
-1,244.07654094696,85.6666217334569
-1,244.530352592468,85.6905322559178
-1,244.984164237976,85.7144427783787
-1,245.437975883484,85.7383533008397
-1,245.891787528992,85.7622638233006
-1,246.3455991745,85.7861743457615
-1,246.799410820007,85.8100848682225
-1,247.253222465515,85.8339953906834
-1,247.707034111023,85.8579059131444
-1,248.160845756531,85.8818164356053
-1,248.614657402039,85.9057269580662
-1,249.068469047546,85.9296374805272
-1,249.522280693054,85.9535480029881
-1,249.976092338562,85.977458525449
-1,250.42990398407,86.00136904791
-1,250.883715629578,86.0252795703709
-1,251.337527275085,86.0491900928319
-1,251.791338920593,86.0731006152928
-1,252.245150566101,86.0970111377537
-1,252.698962211609,86.1209216602147
-1,253.152773857117,86.1448321826756
-1,253.606585502625,86.1687427051365
-1,254.060397148132,86.1926532275975
-1,254.51420879364,86.2165637500584
4,254.968020439148,86.2404742725194
4,255.421832084656,86.2643847949803
4,255.875643730164,86.2882953174412
4,256.329455375671,86.3122058399022
4,256.783282279968,86.3361163623631
4,257.237109184265,86.360026884824
4,257.690936088562,86.383937407285
4,258.144762992859,86.4078479297459
4,258.598589897156,86.4317584522069
4,259.052416801453,86.4556689746678
4,259.50624370575,86.4795794971287
4,259.960070610046,86.5034900195897
4,260.413897514343,86.5274005420506
4,260.86772441864,86.5513110645115
4,261.321551322937,86.5752215869725
4,261.775378227234,86.5991321094334
4,262.229205131531,86.6230426318944
4,262.683032035828,86.6469531543553
4,263.136858940125,86.6708636768162
4,263.590685844421,86.6947741992772
4,264.044512748718,86.7186847217381
4,264.498339653015,86.742595244199
4,264.952166557312,86.76650576666
4,265.405993461609,86.7904162891209
4,265.859820365906,86.8143268115819
4,266.313647270203,86.8382373340428
4,266.7674741745,86.8621478565037
4,267.221301078796,86.8860583789647
4,267.675127983093,86.9099689014256
4,268.12895488739,86.9338794238865
4,268.582781791687,86.9577899463475
4,269.036608695984,86.9817004688084
4,269.490435600281,87.0056109912694
4,269.944262504578,87.0295215137303
4,270.398089408875,87.0534320361912
4,270.851916313171,87.0773425586522
4,271.305743217468,87.1012530811131
4,271.759570121765,87.125163603574
4,272.213397026062,87.149074126035
4,272.667223930359,87.1729846484959
4,273.121050834656,87.1968951709569
4,273.574877738953,87.2208056934178
4,100,87.2447162158787
4,100,87.2686267383397
4,100,87.2925372608006
4,100,87.3164477832615
4,100,87.3403583057225
4,100,87.3642688281834
4,100,87.3881793506444
4,100,87.4120898731053
4,100,87.4360003955662
4,100,87.4599109180272
4,100,87.4838214404881
4,100,87.507731962949
4,100,87.53164248541
4,100,87.5555530078709
4,100,87.5794635303319
4,100,87.6033740527928
4,100,87.6272845752537
4,100,87.6511950977147
4,100,87.6751056201756
4,100,87.6990161426365
4,100,87.7229266650975
4,100,87.7468371875584
4,100,87.7707477100194
4,100,87.7946582324803
4,100,87.8185687549412
4,100,87.8424792774022
4,100,87.8663897998631
4,100,87.890300322324
4,100,87.914210844785
4,100,87.9381213672459
4,100,87.9620318897069
4,100,87.9859424121678
4,100,88.0098529346287
4,100,88.0337634570897
4,100,88.0576739795506
4,100,88.0815845020115
4,100,128
4,100,128
4,100,128
4,100,128
4,100,128
4,100,128
4,100,128
4,100,128
4,100,128
4,100,128
4,100,128
4,100,128
4,100,128
4,100,128
4,100,128
4,100,128
4,100,128
4,100,128
4,100,128
4,100,128
4,100,128
4,100,128
4,100,128
4,100,128
4,100,128
4,100,128
4,100,128
4,100,128
4,100,128
4,100,128
4,100,128
4,100,128
4,100,128
4,100,128
4,100,128
4,100,128
-1,100,128
#MOTOR_P2
-1,100,128
-1,100,128
-1,100,128
-1,100,128
-1,100,128
-1,100,128
-1,100,0
-1,100,0
-1,100,127.887321472168
1,100,0
1,100,10.9546163082123
1,100,25.289514541626
1,100,39.6244125366211
1,100,53.9593105316162
1,100,68.29421043396
1,100,82.6291103363037
1,100,96.9640102386475
1,99.8389663696289,111.298910140991
1,99.8338542990386,125.633810043335
1,99.8287426047027,126.760566628147
1,99.8236309103668,126.760566628147
1,99.8185192160308,126.760566628147
1,99.8134075216949,126.760566628147
1,99.808295827359,126.760566628147
1,99.803184133023,126.760566628147
1,99.7980724386871,126.760566628147
1,99.7929607443511,126.760566628147
1,99.7878490500152,126.760566628147
1,99.7827373556793,126.760566628147
1,99.7776256613433,126.760566628147
1,99.7725139670074,126.760566628147
1,99.7674022726715,126.760566628147
1,99.7622905783355,126.760566628147
1,99.7571788839996,126.760566628147
1,99.7520671896636,126.760566628147
1,99.7469554953277,126.760566628147
1,99.7418438009918,126.760566628147
1,99.7367321066558,126.760566628147
1,99.7316204123199,126.760566628147
1,99.726508717984,126.760566628147
1,99.721397023648,126.760566628147
1,99.7162853293121,126.760566628147
1,99.7111736349761,126.760566628147
1,99.7060619406402,126.760566628147
1,99.7009502463043,126.760566628147
1,99.6958385519683,126.760566628147
1,99.6907268576324,126.760566628147
1,99.6856151632965,126.760566628147
1,99.6805034689605,126.760566628147
1,99.6753917746246,126.760566628147
1,99.6702800802886,126.760566711426
1,99.6651683859527,126.460896253586
1,99.6600566916168,126.161228895187
1,99.6549449972808,125.861561536789
1,99.6498333029449,125.561894178391
1,99.644721608609,125.262226819992
1,99.639609914273,124.962559461594
1,99.6344982199371,124.662892103195
1,99.6293865256011,124.363224744797
1,99.6242748312652,124.063557386398
1,99.6191631369293,123.763890028
1,99.6140514425933,123.464222669601
1,99.6089397482574,123.164555311203
1,99.6038280539215,122.864887952805
1,99.5987163595855,122.565220594406
1,99.5936046652496,122.265553236008
1,99.5884929709136,121.965885877609
1,99.5833812765777,121.666218519211
1,99.5782695822418,121.366551160812
1,99.5731578879058,121.066883802414
1,99.5680461935699,120.767216444016
1,99.562934499234,120.467549085617
1,99.557822804898,120.167881727219
1,99.5527111105621,119.86821436882
1,99.5475994162261,119.568547010422
1,99.5424877218902,119.268879652023
1,99.5373760275543,118.969212293625
1,99.5322643332183,118.669544935226
1,99.5271526388824,118.369877576828
1,99.5220409445465,118.07021021843
1,99.5169292502105,117.770542860031
1,99.5118175558746,117.470875501633
1,99.5067058615386,117.171208143234
1,99.5015941672027,116.871540784836
1,99.4964824728668,116.571873426437
1,99.4913707785308,116.272206068039
1,99.4862590841949,115.972538709641
1,99.481147389859,115.672871351242
1,99.476035695523,115.373203992844
1,99.4709240011871,115.073536634445
1,99.4658123068511,114.773869276047
1,99.4607006125152,114.474201917648
1,99.4555889181793,114.17453455925
1,99.4504772238433,113.874867200851
1,99.4453655295074,113.575199842453
1,99.4402538351715,113.80281829834
1,99.4351421408355,113.521128058434
1,99.4300304464996,113.239435553551
1,99.4249187521636,112.957743048668
1,99.4198070578277,112.676050543785
1,99.4146953634918,112.394358038902
1,99.4095836691558,112.112665534019
1,99.4044719748199,111.830973029137
1,99.399360280484,111.549280524254
1,99.394248586148,110.529841244221
1,99.3891368918121,110.020113766193
1,99.3840251974761,109.510386288166
1,99.3789135031402,109.000658810139
1,99.3738018088043,108.490931332111
1,99.3686901144683,107.981203854084
1,99.3635784201324,107.471476376057
1,99.3584667257965,106.961748898029
1,99.3533550314605,106.452021420002
1,99.3482433371246,105.942293941975
1,99.3431316427886,105.432566463947
1,99.3380199484527,104.92283898592
1,99.3329082541168,104.413111507893
1,99.3277965597808,103.903384029865
1,99.3226848654449,103.393656551838
1,99.317573171109,102.883929073811
1,99.312461476773,102.374201595783
-1,99.3073497824371,101.864474117756
-1,99.3022380881011,101.354746639729
-1,99.2971263937652,100.845019161701
-1,78.8732394366197,69.5461675524712
-1,79.385401725769,100.845069885254
-1,79.8975629806519,58.5915489196777
3,80.4097242355347,58.5915490137021
3,80.9218854904175,58.5915490137021
3,81.4340467453003,58.5915490137021
3,81.9462080001831,58.5915490137021
3,82.4583692550659,59.1549237221479
3,82.9705305099487,58.3662019371986
3,83.4826917648315,58.1690202355385
3,83.9948530197144,57.9718385338783
3,84.5070142745972,57.7746568322182
3,85.01917552948,57.577475130558
3,85.5313367843628,57.3802934288979
3,86.0434980392456,57.1831117272377
3,86.5556592941284,56.9859300255775
3,87.0678205490112,56.7887483239174
3,87.579981803894,56.5915666222572
3,88.0921430587769,56.3943849205971
3,88.6043043136597,56.1972032189369
3,89.1164655685425,56.0000215172768
3,89.6286268234253,55.8028398156166
3,90.1407880783081,55.6056581139565
3,90.6529493331909,55.4084764122963
3,91.1651105880737,55.2112947106361
3,91.6772718429565,55.014113008976
3,92.1894330978394,54.8169313073158
3,92.7015943527222,54.6197496056557
3,93.213755607605,54.4225679039955
3,93.7259168624878,54.2253862023354
3,94.2380781173706,54.0282045006752
3,94.7502393722534,53.831022799015
3,95.2624006271362,53.6338410973549
3,95.774561882019,53.4366593956947
3,97.3459705114365,53.2394776940346
3,97.9055179357529,53.0422959923744
3,98.4650653600693,52.8451142907143
3,99.0246127843857,52.6479325890541
3,99.5841602087021,52.450750887394
3,100.143707633018,52.2535691857338
3,100.703255057335,52.0563874840736
3,101.262802481651,51.8592057824135
3,101.822349905968,51.6620240807533
3,102.381897330284,51.4648423790932
3,102.941444754601,51.2676048278809
3,103.500992178917,50.6338019371033
3,104.060539603233,49.9999976158142
3,104.62008702755,49.3661932945251
3,105.179634451866,48.7323889732361
3,105.739181876183,48.098584651947
3,106.298729300499,47.464780330658
3,106.858276724815,46.8309760093689
3,107.417824149132,46.1971716880798
3,107.977371573448,45.5633673667908
3,108.536918997765,44.9295630455017
3,109.096466422081,44.2957587242126
3,109.656013846397,43.6619544029236
3,110.215561270714,43.0281500816345
3,110.77510869503,42.3943457603455
3,111.334656119347,41.7605414390564
3,111.894203543663,41.1267371177673
3,112.453750967979,40.4929327964783
3,113.013298392296,39.8591284751892
3,113.572845816612,39.2253241539001
3,114.132393240929,38.5915198326111
3,114.691940665245,37.957715511322
3,115.251488089561,37.323911190033
3,115.811035513878,36.6901068687439
3,116.370582938194,36.0563025474548
3,116.930130362511,35.4224982261658
3,117.489677786827,34.7886939048767
3,118.049225211143,34.1548895835876
3,118.60877263546,33.5210852622986
3,119.168320059776,32.8872809410095
3,119.727867484093,32.2534766197205
3,120.287414908409,31.6196722984314
3,120.846962332726,30.985869884491
3,121.406509757042,30.3520674705505
3,121.966057181358,29.7182650566101
3,122.525604605675,29.0844626426697
3,123.085152029991,28.4506602287292
3,123.644699454308,27.8168578147888
3,124.204246878624,27.1830554008484
3,124.76379430294,26.549252986908
3,125.323341727257,25.9154505729675
3,125.882889151573,25.2816481590271
3,126.44243657589,24.6478457450867
3,127.001984000206,24.0140433311462
3,127.561531424522,23.3802409172058
3,128.121078848839,22.7464385032654
3,128.680626273155,22.112636089325
3,129.240181326866,21.4788336753845
3,129.799736380577,20.8450312614441
3,130.359291434288,20.2112288475037
3,130.918846487999,19.5774264335632
3,131.47840154171,18.9436240196228
3,132.037956595421,18.3098216056824
3,132.597511649132,17.6760191917419
3,133.157066702843,17.0422167778015
3,133.716621756554,16.4084143638611
3,134.276176810265,15.7746119499207
3,134.835731863976,15.1408095359802
3,135.395286917686,14.5070071220398
3,135.954841971397,13.8732047080994
3,136.514397025108,13.2394022941589
3,137.073952078819,12.6055998802185
3,137.63350713253,11.9717974662781
3,138.193062186241,11.3379950523376
3,138.752617239952,10.7041926383972
3,139.312172293663,10.0703902244568
3,139.871727347374,9.43658781051636
3,140.431282401085,8.80278539657593
3,140.990837454796,8.1689829826355
3,141.550392508507,7.53518056869507
3,142.109947562218,6.90137767791748
3,142.669502615929,6.26757478713989
3,143.22905766964,5.6337718963623
3,143.788612723351,4.99996900558472
3,144.348167777061,4.36616611480713
3,144.907722830772,3.73236322402954
3,145.467277884483,3.09856033325195
3,146.026832938194,2.46475744247437
3,146.586387991905,1.83095455169678
3,147.145943045616,1.19715166091919
3,147.705498099327,0.563348770141602
3,148.265053153038,0
3,148.824608206749,0
3,149.38416326046,0
3,149.943718314171,0
3,150.503273367882,0
3,151.062828421593,0
3,151.622383475304,0
3,152.181938529015,0
3,152.741493582726,3.13615024089813
-1,153.301048636436,5.14553999900818
-1,153.860603690147,0
-1,154.420158743858,0.46454131603241
-1,154.979713797569,2.61922347545624
-1,155.53926885128,4.77390575408936
-1,156.098823904991,6.92858791351318
-1,156.658378958702,9.08327007293701
-1,157.217934012413,11.2379522323608
-1,157.777489066124,13.3926343917847
-1,158.337044119835,15.5473165512085
-1,158.896599173546,17.7019987106323
-1,159.456154227257,19.8566818237305
-1,160.015709280968,22.0113639831543
-1,160.575264334679,0
-1,161.13481938839,0
-1,161.694374442101,0
-1,162.253929495811,0
-1,160.219500124454,0
4,74.3661956787109,0
4,74.624868363142,0
4,74.883542984724,0
4,75.1422176063061,0
4,75.4008922278881,0
4,75.6595668494701,0
4,75.9182414710522,0
4,76.1769160926342,0
4,76.4355907142162,0
4,76.6942653357983,0
4,76.9529399573803,0
4,77.2116145789623,0
4,77.4702892005444,0.417667865753174
4,77.7289638221264,2.33121776580811
4,77.9876384437084,4.24476766586304
4,78.2463130652905,6.15831756591797
4,78.5049876868725,8.0718674659729
4,78.7636623084545,9.98541688919067
4,79.0223369300365,11.8989663124084
4,79.2810115516186,13.8125157356262
4,79.5396861732006,15.726065158844
4,79.7983607947826,17.6396145820618
4,80.0570354163647,19.5531640052795
4,80.3157100379467,21.4667134284973
4,80.5743846595287,23.3802628517151
4,80.8330592811108,25.2938122749329
4,81.0917339026928,27.2073616981506
4,81.3504085242748,29.1209111213684
4,81.6090831458569,31.0344605445862
4,81.8677577674389,32.948009967804
4,82.1264323890209,34.8615593910217
4,82.385107010603,36.7751107215881
4,82.643781632185,38.6886620521545
4,82.902456253767,40.6022133827209
4,83.161130875349,42.5157647132874
4,83.4198054969311,44.4293160438538
4,83.6784801185131,46.3428673744202
4,83.9371547400951,48.2564187049866
4,84.1958293616772,50.169970035553
4,84.4545039832592,52.0835213661194
4,84.7131786048412,53.9970726966858
4,84.9718532264233,55.9106240272522
4,85.2305278480053,57.8241753578186
4,85.4892024695873,59.737726688385
4,85.7478770911694,61.6512780189514
4,86.0065517127514,63.5648293495178
4,86.2652263343334,65.4783806800842
4,86.5239009559155,67.3919281959534
4,86.7825755774975,69.3054795265198
4,87.0412501990795,71.2190308570862
4,87.2999248206615,73.1325821876526
4,87.5585994422436,78.3098602294922
4,87.8172740638256,80.4068877696991
4,88.0759486854076,82.5039184093475
4,88.3346233069897,84.600949048996
4,88.5932979285717,86.6979796886444
4,88.8519725501537,88.7950103282928
4,89.1106471717358,90.8920409679413
4,89.3693217933178,92.9890716075897
4,89.6279964148998,95.0861022472382
4,89.8866710364819,97.1831328868866
4,90.1453456580639,99.280163526535
4,90.4040202796459,101.377194166183
4,90.662694901228,103.474224805832
4,90.92136952281,105.57125544548
4,91.180044144392,107.668286085129
4,91.438718765974,109.765316724777
4,91.6973933875561,111.862347364426
4,91.9560680091381,116.619720458984
4,92.2147426307201,116.725354231894
4,92.4734172523022,116.830990828574
4,92.7320918738842,116.936627425253
4,92.9907664954662,117.042264021933
4,93.2494411170483,117.147900618613
4,93.5081157386303,117.253537215292
4,93.7667903602123,117.359173811972
4,94.0254649817944,117.464810408652
4,94.2841396033764,117.570447005332
4,94.5428142249584,117.676083602011
4,94.8014888465405,117.781720198691
4,95.0601634681225,117.887356795371
4,95.3188380897045,117.99299339205
4,95.5775127112865,118.09862998873
4,95.8361873328686,118.20426658541
4,96.0948619544506,118.309903182089
4,96.3535365760326,118.415539778769
4,96.6122111976147,118.521176375449
4,96.8708858191967,118.626812972128
4,97.1295604407787,118.732449568808
4,97.3882350623608,118.838086165488
4,97.6469096839428,118.943722762167
4,97.9055843055248,119.049359358847
4,98.1642589271069,119.154995955527
4,98.4229335486889,119.260632552207
4,98.6816081702709,119.366269148886
4,98.940282791853,119.471905745566
4,99.198957413435,119.577542342246
4,99.457632035017,119.683178938925
4,99.716306656599,119.788815535605
4,99.9749812781811,119.894452132285
4,100.233655899763,120.000088728964
4,100.492330521345,120.105725325644
4,100.751005142927,120.211361922324
4,101.009679764509,120.316998519003
4,101.268354386091,120.422635115683
4,101.527029007673,120.528271712363
4,101.785703629255,120.633908309042
4,102.044378250837,120.739544905722
4,102.303052872419,120.845181502402
4,102.561727494001,120.950818099082
4,102.820402115583,121.056454695761
4,103.079076737165,121.162091292441
4,103.337751358747,121.267727889121
4,103.59642598033,121.3733644858
4,103.855100601912,121.47900108248
4,104.113775223494,121.58463767916
4,104.372449845076,121.690139770508
4,104.631124466658,121.484289333224
4,104.88979908824,121.278440639377
4,105.148473709822,121.072591945529
4,105.407148331404,120.866743251681
4,105.665822952986,120.660894557834
4,105.924497574568,120.455045863986
4,106.18317219615,120.249197170138
4,106.441846817732,120.043348476291
4,106.700521439314,119.837499782443
4,106.959196060896,119.631651088595
4,107.217870682478,119.425802394748
4,107.47654530406,119.2199537009
4,107.735219925642,119.014105007052
4,107.993894547224,118.808256313205
4,108.252569168806,118.602407619357
4,108.511243790388,118.396558925509
4,108.76991841197,118.190710231662
4,109.028593033552,117.984861537814
4,109.287267655134,117.779012843966
4,109.545942276716,117.573164150119
4,109.804616898298,117.367315456271
4,110.06329151988,117.161466762424
4,110.321966141462,116.955618068576
4,110.580640763044,116.749769374728
4,110.839315384626,116.543920680881
4,111.097990006208,116.338071987033
4,111.35666462779,116.132223293185
4,111.615339249372,115.926374599338
4,111.874013870955,115.72052590549
4,112.132688492537,115.514677211642
4,112.391363114119,115.308828517795
4,112.650037735701,115.102979823947
4,112.908712357283,114.897131130099
4,113.167386978865,114.691282436252
4,113.426061600447,114.485433742404
4,113.684736222029,114.279585048556
4,113.943410843611,114.073736354709
4,114.202085465193,113.867887660861
4,114.460760086775,113.662038967013
4,114.719434708357,113.456190273166
4,114.978109329939,113.250341579318
4,115.236783951521,113.04449288547
4,115.495458573103,112.838644191623
4,115.754133194685,112.632795497775
4,116.012807816267,112.426946803927
4,116.271482437849,112.22109811008
4,116.530157059431,112.015249416232
4,116.788831681013,111.809400722384
4,117.047506302595,111.603552028537
4,117.306180924177,111.397703334689
4,117.564855545759,111.191854640841
4,117.823530167341,110.985916137695
4,118.082204788923,110.959712384269
4,118.340879410505,110.933505414054
4,118.599554032087,110.907298443839
4,118.858228653669,110.881091473624
4,119.116903275251,110.854884503409
4,119.375577896833,110.828677533194
4,119.634252518415,110.80247056298
4,119.892927139997,110.776263592765
4,120.15160176158,110.75005662255
4,120.410276383162,110.723849652335
4,120.668951004744,110.69764268212
4,120.927625626326,110.671435711905
4,121.186300247908,110.645228741691
4,121.44497486949,110.619021771476
4,121.703649491072,110.592814801261
4,121.962324112654,110.566607831046
4,122.220998734236,110.540400860831
4,122.479673355818,110.514193890616
4,122.7383479774,110.487986920401
4,122.997022598982,110.461779950187
4,123.255697220564,110.435572979972
4,123.514371842146,110.409366009757
4,123.773046463728,110.383159039542
4,124.03172108531,110.356952069327
4,124.290395706892,110.330745099112
4,124.549070328474,110.304538128898
4,124.807744950056,110.278331158683
4,125.066419571638,110.252124188468
4,125.32509419322,110.225917218253
4,125.583768814802,110.199710248038
4,125.842443436384,110.173503277823
4,126.101118057966,110.147296307608
4,126.359792679548,110.121089337394
4,126.61846730113,110.094882367179
4,126.877141922712,110.068675396964
4,127.135816544294,110.042468426749
4,127.394491165876,110.016261456534
4,127.653165787458,109.990054486319
4,127.91184040904,109.963847516105
4,128.170515030622,109.93764054589
4,128.429189652205,109.911433575675
4,128.687856644392,109.88522660546
4,128.94652363658,109.859153747559
4,129.205190628767,109.4706158638
4,129.463857620955,109.082081317902
4,129.722524613142,109.859153747559
4,129.98119160533,109.84634966217
4,130.239858597517,109.833547538146
4,130.498525589705,109.820745414123
4,130.757192581892,109.8079432901
4,131.01585957408,109.795141166076
4,131.274526566267,109.782339042053
4,131.533193558455,109.769536918029
4,131.791860550642,109.756734794006
4,132.05052754283,109.743932669982
4,132.309194535017,109.731130545959
4,132.567861527205,109.718328421935
4,132.826528519392,109.705526297912
4,133.08519551158,109.692724173889
4,133.343862503767,109.679922049865
4,133.602529495955,109.667119925842
4,133.861196488142,109.654317801818
4,134.11986348033,109.641515677795
4,134.378530472517,109.628713553771
4,134.637197464705,109.615911429748
4,134.895864456892,109.603109305725
4,135.15453144908,109.590307181701
4,135.413198441267,109.577505057678
4,135.671865433455,109.564702933654
4,135.930532425642,109.551900809631
4,136.18919941783,109.539098685607
4,136.447866410017,109.526296561584
4,136.706533402205,109.51349443756
4,136.965200394392,109.500692313537
4,137.22386738658,109.487890189514
4,137.482534378767,109.47508806549
4,137.741201370955,109.462285941467
4,137.999868363142,109.449483817443
4,138.25853535533,109.43668169342
4,138.517202347517,109.423879569396
4,138.775869339705,109.411077445373
4,139.034536331892,109.39827532135
4,139.29320332408,109.385473197326
4,139.551870316267,109.372671073303
4,139.810537308455,109.359868949279
4,140.069204300642,109.347066825256
4,140.32787129283,109.334264701232
4,140.586538285017,109.321462577209
4,140.845205277205,109.308660453185
4,140.759228229523,109.295858329162
4,141.019253253937,109.283056205139
4,141.279278278351,109.270254081115
4,141.539303302765,109.257451957092
4,141.799328327179,109.244649833068
4,142.059353351593,109.231847709045
4,142.319378376007,109.219045585021
4,142.579403400421,109.206243460998
4,142.839428424835,109.193441336975
4,143.099453449249,109.180639212951
4,143.359478473663,109.167837088928
4,143.619503498077,109.155034964904
4,143.879528522491,109.142232840881
4,144.139553546906,109.129430716857
4,144.39957857132,109.116628592834
4,144.659603595734,109.10382646881
4,144.919628620148,109.091024344787
4,145.179653644562,109.078222220764
4,145.439678668976,109.06542009674
4,145.69970369339,109.052617972717
4,145.959728717804,109.039815848693
4,146.219753742218,109.02701372467
4,146.479778766632,109.014211600646
4,146.739803791046,109.001409476623
4,146.99982881546,108.9886073526
4,147.259853839874,108.975805228576
4,147.519878864288,108.963003104553
4,147.779903888702,108.950200980529
4,148.039928913116,108.937398856506
4,148.299953937531,108.924596732482
4,148.559978961945,108.911794608459
4,148.820003986359,108.898992484435
4,149.080029010773,108.886190360412
4,149.340054035187,108.873388236389
4,149.600079059601,108.860586112365
4,149.860104084015,108.847783988342
4,150.120129108429,108.834981864318
4,150.380154132843,108.822179740295
4,150.640179157257,108.809377616271
4,150.900204181671,109.295776367188
4,151.160229206085,109.237495619804
4,151.420254230499,109.179214674979
4,151.680279254913,109.120933730155
4,151.940304279327,109.062652785331
4,152.200329303741,109.004371840507
4,152.460354328156,108.946090895683
4,152.72037935257,108.887809950858
4,152.980404376984,108.829529006034
4,153.240429401398,108.77124806121
4,153.500454425812,108.712967116386
4,153.760479450226,108.654686171561
4,154.02050447464,108.596405226737
4,154.280529499054,108.538124281913
4,154.540554523468,108.479843337089
4,154.800579547882,108.421562392265
4,155.060604572296,108.36328144744
4,155.32062959671,108.305000502616
4,155.580654621124,108.246719557792
4,155.840679645538,108.188438612968
4,156.100704669952,108.130157668144
4,156.360729694366,108.071876723319
4,156.620754718781,108.013595778495
4,156.880779743195,107.955314833671
4,157.140804767609,107.897033888847
4,157.400829792023,107.838752944022
4,157.660854816437,107.780471999198
4,157.920879840851,107.722191054374
4,158.180904865265,107.66391010955
4,158.440929889679,107.605629164726
4,158.700954914093,89.0307440538891
4,158.960979938507,89.0280508776195
4,159.221004962921,89.02535770135
4,159.481029987335,89.0226645250805
4,159.741055011749,89.0199713488109
4,160.001080036163,89.0172781725414
4,160.261105060577,89.0145849962719
4,160.521130084991,128
4,160.781155109406,128
4,161.04118013382,128
4,161.301205158234,128
4,161.561230182648,128
4,161.821255207062,128
4,162.081280231476,128
4,162.34130525589,128
4,162.601330280304,128
4,162.861355304718,128
4,163.121380329132,128
4,163.381405353546,128
4,163.64143037796,128
4,163.901455402374,128
4,164.161480426788,128
4,164.421505451202,128
4,164.681530475616,128
4,164.941555500031,128
4,165.201580524445,128
4,165.461605548859,128
4,165.721630573273,128
-1,165.981655597687,128
#MOTOR_B1
-1,100,67.8756476683938
-1,100,70.9268863201141
-1,100,73.978125333786
-1,100,77.0293643474579
-1,100,80.0806033611298
-1,100,83.1318423748016
-1,100,86.1830813884735
-1,100,89.2343204021454
1,100,89.6373056994819
1,100,99.8704652786255
1,99.4818649291992,110.103627204895
1,99.4906468763947,120.336789131165
1,99.4994283095002,130.569951057434
1,99.5082097426057,130.725386485457
1,99.5169911757112,130.880827769637
1,99.5257726088166,131.036269053817
1,99.5345540419221,131.191710337996
1,99.5433354750276,131.347151622176
1,99.552116908133,131.502592906356
1,99.5608983412385,131.658034190536
1,99.569679774344,131.813475474715
1,99.5784612074494,131.968916758895
1,99.5872426405549,132.124358043075
1,99.5960240736604,132.279799327254
1,99.6048055067658,132.435240611434
1,99.6135869398713,132.590681895614
1,99.6223683729768,132.746123179793
1,99.6311498060822,132.901564463973
1,99.6399312391877,133.057005748153
1,99.6487126722932,133.212447032332
1,99.6574941053987,133.367888316512
1,99.6662755385041,133.523329600692
1,99.6750569716096,133.678770884871
1,99.6838384047151,133.834212169051
1,99.6926198378205,133.989653453231
1,99.701401270926,134.145094737411
1,99.7101827040315,134.30053602159
1,99.7189641371369,134.45597730577
1,99.7277455702424,134.61141858995
1,99.7365270033479,134.766859874129
1,99.7453084364533,134.922301158309
1,99.7540898695588,135.077742442489
1,99.7628713026643,135.233183726668
1,99.7716527357697,135.578578352928
1,99.7804341688752,133.851466536522
1,99.7892156019807,132.124354720116
1,99.7979970350862,130.397242903709
1,99.8067784681916,128.670131087303
1,99.8155599012971,126.943019270897
1,99.8243413344026,125.215899825096
1,99.833122767508,123.488780379295
1,99.8419042006135,121.761660933495
1,99.850685633719,120.034541487694
1,99.8594670668244,118.307422041893
1,99.8682484999299,116.580302596092
1,99.8770299330354,114.853183150291
1,99.8858113661408,113.126063704491
1,99.8945927992463,111.39894425869
1,99.9033742323518,109.671824812889
1,99.9121556654572,107.944705367088
1,99.9209370985627,106.217585921288
1,99.9297185316682,105.699478109884
1,99.9384999647737,105.699478109884
1,99.9472813978791,105.699478109884
1,99.9560628309846,105.699478109884
1,99.9648442640901,105.699478109884
1,99.9736256971955,105.699478109884
1,99.982407130301,105.699478109884
1,99.9911885634065,105.699478109884
1,99.9999699965119,105.699478109884
1,100.008751429617,105.699478109884
1,100.017532862723,105.699478109884
1,100.026314295828,105.699478109884
1,100.035095728934,105.699478109884
1,100.043877162039,105.699478109884
1,100.052658595145,105.699478109884
1,100.06144002825,105.699478109884
1,100.070221461356,105.699478109884
1,100.079002894461,105.699478109884
1,100.087784327567,105.699478109884
1,100.096565760672,105.699478109884
1,100.105347193778,105.699478109884
1,100.114128626883,105.699478109884
1,100.122910059988,105.699478109884
1,100.131691493094,105.699478109884
1,100.140472926199,105.699478109884
1,100.149254359305,105.699478109884
1,100.15803579241,105.699478109884
1,100.166817225516,105.699478109884
1,100.175598658621,105.699478109884
1,100.184380091727,105.699478109884
1,100.193161524832,105.699478109884
1,100.201942957938,105.699478109884
1,100.210724391043,105.699478109884
1,100.219505824149,105.699478109884
1,100.228287257254,105.699478109884
1,100.23706869036,105.699478109884
1,100.245850123465,105.699478109884
1,100.254631556571,105.699478109884
1,100.263412989676,105.699478109884
1,100.272194422781,105.699478109884
1,100.280975855887,105.699478109884
1,100.289757288992,105.699478109884
1,100.298538722098,105.699478109884
1,100.307320155203,105.699478109884
1,100.316101588309,105.699478109884
1,100.324883021414,105.699478109884
1,100.33366445452,105.699478109884
1,100.342445887625,105.699478109884
1,100.351227320731,105.699478109884
1,100.360008753836,105.699478109884
1,100.368790186942,104.663215637207
1,100.377571620047,104.689122213051
1,100.386353053153,104.715031636879
1,99.4818649291992,104.740941060707
1,99.4818649489645,104.766850484535
1,99.4818649489645,104.792759908363
1,99.4818649489645,104.818669332191
1,99.4818649489645,104.844578756019
1,99.4818649489645,104.870488179848
1,99.4818649489645,104.896397603676
1,99.4818649489645,104.922307027504
1,99.4818649489645,104.948216451332
1,99.4818649489645,104.97412587516
-1,99.4818649489645,105.000035298988
-1,99.4818649489645,105.025944722816
-1,99.4818649489645,105.051854146644
-1,99.4818649489645,105.077763570473
-1,99.4818649489645,105.103672994301
-1,99.4818649489645,105.129582418129
-1,99.4818649489645,105.155491841957
-1,99.4818649489645,105.181401265785
6,69.4300518134715,11.3989637305699
6,69.4300556083963,12.3654845356941
6,71.339664965868,13.3320048451424
6,71.7700543701649,14.2985251545906
6,72.2004437744617,15.2650454640388
6,72.6308331787586,16.2315657734871
6,73.0612225830555,17.1980860829353
6,73.4916119873524,18.1646063923836
6,73.9220013916492,19.1311267018318
6,74.3523907959461,20.0976470112801
6,74.782780200243,21.0641673207283
6,75.2131696045399,22.0306876301765
6,75.6435590088367,22.9972079396248
6,76.0739484131336,23.963728249073
6,76.5043378174305,24.9302485585213
6,76.9347272217274,25.8967688679695
6,77.3651166260242,26.8632891774178
6,77.7955060303211,27.829809486866
6,78.225895434618,28.7963297963142
6,78.6562848389149,29.7628501057625
6,79.0866742432117,30.7293704152107
6,79.5170636475086,31.695890724659
6,79.9474530518055,32.6624110341072
6,80.3778424561024,33.6289313435555
6,80.8082318603992,34.5954535603523
6,81.2386212646961,35.5619757771492
6,81.669010668993,36.5284979939461
6,82.0994000732899,37.495020210743
6,82.5297894775867,38.4615424275398
6,82.9601788818836,39.4280646443367
6,83.3905682861805,40.3945868611336
6,83.8209576904774,41.3611090779305
6,84.2513470947742,42.3276312947273
6,84.6817364990711,43.2941535115242
6,85.112125903368,44.2606757283211
6,85.5425153076649,45.227197945118
6,85.9729047119617,46.1937201619148
6,86.4032941162586,47.1602423787117
6,86.8336835205555,48.1267645955086
6,87.2640729248524,49.0932868123055
6,87.6944623291492,50.0598090291023
6,88.1248517334461,51.0263312458992
6,88.555241137743,51.9928534626961
6,88.9856305420399,52.959375679493
6,89.4160199463367,53.9258978962898
6,89.8464093506336,54.8924201130867
6,90.2767987549305,55.8589423298836
6,90.7071881592274,56.8254645466805
6,91.1375775635242,57.7919867634773
6,91.5679669678211,58.7585089802742
6,91.998356372118,59.7250311970711
6,92.4287457764149,60.691553413868
6,92.8591351807117,61.6580756306648
6,93.2895245850086,62.5747330188751
6,93.7199139893055,63.2921516895294
6,94.1503033936024,64.0095703601837
6,94.5806927978992,64.7269852161407
6,95.0110822021961,65.4444000720978
6,95.441471606493,66.1618149280548
6,95.8718610107899,66.8792297840118
6,96.3022504150867,67.5966446399689
6,96.7326398193836,68.3140594959259
6,97.1630292236805,69.0314743518829
6,97.5934186279774,69.74888920784
6,98.0238080322742,70.466304063797
6,98.4541974365711,71.0786646604538
6,98.884586840868,71.6910074949265
6,99.3149762451649,72.3033503293991
6,99.7453656494617,72.9156931638718
6,100.175755053759,73.5280359983444
6,100.606144458055,74.1403788328171
6,101.036533862352,74.7527216672897
6,101.466923266649,75.3650645017624
6,101.897312670946,75.977407336235
6,102.327702075243,77.2020721435547
6,102.75809147954,77.3575125932693
6,103.188480883837,77.512953877449
6,103.618870288134,77.6683951616287
6,104.04925969243,77.8238364458084
6,104.479649096727,77.9792777299881
6,104.910038501024,78.1347190141678
6,105.340427905321,78.2901602983475
6,105.770817309618,78.4456015825272
6,106.201206713915,78.6010428667068
6,106.631596118212,78.7564841508865
6,107.061985522509,79.7927474975586
6,107.492374926805,80.014805406332
6,107.922764331102,80.2368665635586
6,108.353153735399,80.4589277207851
6,108.783543139696,80.6809888780117
6,109.213932543993,80.9030500352383
6,109.64432194829,81.1251111924648
6,110.074711352587,81.3471527099609
6,110.505100756884,81.3471525057199
6,110.93549016118,81.3471525057199
6,111.365879565477,81.3471525057199
6,111.796268969774,81.3471525057199
6,112.226658374071,81.3471525057199
6,112.657047778368,81.3471525057199
6,113.087437182665,81.3471525057199
6,113.517826586962,81.3471525057199
6,113.948215991259,81.3471525057199
6,114.378605395555,81.3471525057199
6,114.808994799852,81.3471525057199
6,115.239384204149,81.3471525057199
6,115.669773608446,80.2072652578354
6,116.100163012743,79.7927602529526
6,116.53055241704,80.1414100527763
6,116.960941821337,79.2697822451591
6,117.391331225634,78.398154437542
6,117.82172062993,77.5265266299248
6,118.252110034227,76.6548988223076
6,118.682499438524,75.7832710146904
6,119.112888842821,74.9116432070732
6,119.543278247118,74.040015399456
6,119.973667651415,73.1683875918388
6,120.404057055712,72.2967597842216
6,120.834446460009,71.4251319766045
6,121.264835864305,70.5535041689873
6,121.695225268602,69.6818763613701
6,122.125614672899,68.8102485537529
6,122.556004077196,67.9386207461357
6,122.986393481493,67.0669929385185
6,123.41678288579,66.1953651309013
6,123.847172290087,65.3237373232841
6,124.277561694384,64.452109515667
6,124.70795109868,63.5804817080498
6,125.138340502977,62.7088539004326
6,125.568729907274,61.8372260928154
6,125.999119311571,60.9655982851982
6,126.429508715868,60.093970477581
6,126.859898120165,59.2223426699638
6,127.290287524462,58.3507148623466
6,127.720676928759,57.4790870547295
6,128.151066333055,56.6074592471123
6,128.581448107958,55.7358314394951
6,129.011837512255,54.8642036318779
6,129.442226916552,53.9925758242607
6,129.872616320848,53.1209480166435
6,130.303005725145,52.2493202090263
6,130.733395129442,51.3776924014091
6,131.163784533739,50.506064593792
6,131.594173938036,49.6344367861748
6,132.024563342333,48.7628089785576
6,132.45495274663,47.8911811709404
6,132.885342150927,47.0195533633232
6,133.315731555223,46.147925555706
6,133.74612095952,45.2762977480888
6,134.176510363817,44.4046699404716
6,134.606899768114,43.5330421328545
6,135.037289172411,42.6614143252373
6,135.467678576708,41.7897865176201
6,135.898067981005,40.9181587100029
6,136.328457385302,40.0465309023857
6,136.758846789598,39.1749030947685
6,137.189236193895,38.3032752871513
6,137.619625598192,37.4316474795341
6,138.050015002489,36.560019671917
6,138.480404406786,35.6883918642998
6,138.910793811083,34.8167640566826
6,139.34118321538,33.9451362490654
6,139.771572619677,33.0735084414482
6,140.201962023973,32.201880633831
6,140.63235142827,31.3302528262138
6,141.062740832567,30.4586250185966
6,141.493130236864,29.5869972109795
6,141.923519641161,28.7153694033623
6,142.353909045458,27.8437415957451
6,142.784298449755,26.9721137881279
6,143.214687854052,26.1004859805107
6,143.645077258348,25.2288581728935
6,144.075466662645,24.3572303652763
6,144.505856066942,23.4856025576591
6,144.936245471239,22.613974750042
6,145.366634875536,21.7423469424248
6,145.797024279833,20.8707191348076
6,146.22741368413,19.9990913271904
6,146.657803088427,19.1274635195732
6,147.088192492723,18.255835711956
6,147.51858189702,17.3842079043388
6,147.948971301317,16.5125800967216
6,148.379360705614,15.6409522891045
6,148.809750109911,14.769323527813
6,149.240139514208,13.8976947665215
6,149.670528918505,13.02606600523
6,150.100918322802,12.1544372439384
6,150.531307727098,11.2828084826469
6,150.961697131395,10.4111797213554
6,151.392086535692,9.53955096006393
6,151.822475939989,8.66792219877243
6,152.252865344286,7.79629343748093
6,152.683254748583,6.92466467618942
6,153.11364415288,6.05303591489792
6,153.544033557177,5.18140715360641
-1,153.974422961473,0
#MOTOR_B2
-1,4.50704225352112,128.450704225352
-1,5.11610215902328,128.450698660653
-1,5.72516196966171,128.450698660653
-1,6.33422178030014,128.450698660653
-1,6.94328159093857,128.450698660653
-1,7.552341401577,128.450698660653
-1,99.1549301147461,128.450698660653
-1,99.1549300974144,166.760563380282
-1,99.1549300974144,163.380281690141
-1,99.1549300974144,162.816901028156
-1,99.1549300974144,162.253516018391
-1,99.1549300974144,162.816904008389
-1,99.1549300974144,158.122073173523
-1,99.1549300974144,151.737093925476
-1,99.1549300974144,145.352114677429
-1,99.1549300974144,138.967135429382
-1,99.1549300974144,132.582156181335
-1,99.1549300974144,123.943664550781
-1,99.1549300974144,0
-1,99.1549300974144,0
-1,99.1549300974144,5.63378143310547
-1,99.1549300974144,128.450698660653
-1,99.1549300974144,128.450698660653
-1,99.1549300974144,127.323944091797
-1,99.1549300974144,59.7183227539063
-1,99.1549300974144,0
-1,99.1549300974144,38.3098591549296
-1,99.1549300974144,39.248827278614
-1,99.1549300974144,40.1877959370613
-1,99.1549300974144,41.1267645955086
-1,99.1549300974144,42.0657332539558
-1,99.1549300974144,43.0047019124031
-1,99.1549300974144,43.9436705708504
-1,99.1549300974144,44.8826392292976
-1,99.1549300974144,6.19718309859154
-1,99.1549300974144,20.5633769035339
-1,99.1549300974144,34.9295711517334
-1,99.1549300974144,35.9913319349289
-1,27.6513170599937,37.0530880689621
-1,28.2603773474693,38.1148442029953
-1,28.8694376349449,39.1766003370285
-1,29.4784979224205,40.2383564710617
-1,30.0875582098961,41.3001126050949
-1,30.6966184973717,42.3618687391281
-1,31.3056787848473,43.4236248731613
-1,31.9147390723228,44.4853810071945
-1,32.5237993597984,45.5471371412277
-1,33.132859647274,46.6088932752609
-1,33.741918027401,47.6706494092941
-1,34.3509764075279,48.7324055433273
-1,34.9600347876549,49.7941616773605
-1,35.5690931677818,50.8559178113937
-1,36.1781515479088,51.9176739454269
-1,36.7872099280357,52.9794300794601
-1,37.3962683081627,54.0411862134933
-1,38.0053266882896,55.1029423475266
-1,38.6143850684166,56.1646984815598
-1,39.2234434485435,57.226454615593
-1,39.8325018286705,58.2882107496262
-1,40.4415602087975,59.3499668836594
-1,41.0506185889244,60.4117230176926
-1,41.6596769690514,61.4734791517258
-1,42.2687353491783,62.535235285759
-1,42.8777937293053,62.1375135034323
-1,43.4868521094322,62.236932143569
-1,44.0959104895592,62.3363507837057
-1,44.7049688696861,62.4357694238424
-1,45.3140272498131,62.5351880639791
-1,45.92308562994,62.4207730665803
-1,46.532144010067,62.3063359633088
-1,47.1412023901939,62.1918988600373
-1,47.7502607703209,62.0774617567658
-1,48.3593191504478,61.9630246534944
-1,48.9683775305748,61.8485875502229
-1,49.5774359107018,61.7341504469514
-1,50.1864942908287,61.6197133436799
-1,50.7955526709557,61.5052762404084
-1,51.4046110510826,61.3908391371369
-1,52.0136694312096,61.2764020338655
-1,52.6227278113365,61.161964930594
-1,53.2317861914635,61.0475278273225
-1,53.8408445715904,60.933090724051
-1,54.4499029517174,60.8186536207795
-1,55.0589613318443,60.704216517508
-1,55.6680197119713,60.5897794142365
-1,56.2770780920982,60.4753423109651
-1,56.8861364722252,60.3609052076936
-1,57.4951948523521,60.2464681044221
-1,58.1042532324791,60.1320310011506
-1,58.713311612606,60.0175938978791
-1,59.322369992733,59.9031567946076
-1,59.93142837286,59.7887196913362
-1,60.5404867529869,59.6742825880647
-1,61.1495451331139,59.5598454847932
-1,61.7586035132408,59.4454083815217
-1,62.3676618933678,59.3309712782502
-1,62.9767202734947,59.2165341749787
-1,63.5857786536217,59.1020970717072
-1,64.1948370337486,58.9876599684358
-1,64.8038992285728,58.8732228651643
-1,65.4129614233971,58.7587857618928
-1,66.0220236182213,58.6443486586213
-1,66.6310858130455,58.5299115553498
-1,67.2401480078697,58.4154744520783
-1,67.8492102026939,58.3010373488069
-1,68.4582723975182,58.1866002455354
-1,69.0673345923424,58.0721631422639
-1,69.6763967871666,57.9577260389924
-1,70.2854589819908,57.8432889357209
-1,70.894521176815,57.7288518324494
-1,71.5035833716393,57.614414729178
-1,72.1126455664635,57.4999776259065
-1,72.7217077612877,57.385540522635
-1,73.3307699561119,57.2711034193635
-1,73.9398321509361,57.156666316092
-1,74.5488943457603,57.0422292128205
-1,75.1579565405846,56.927792109549
-1,75.7670187354088,56.8133550062776
-1,76.376080930233,56.6989179030061
-1,76.9851431250572,56.5844807997346
-1,77.5942053198814,56.4700436964631
-1,78.2032675147057,56.3556065931916
-1,78.8123297095299,56.2411694899201
7,91.2676056338028,178.028169014085
7,92.018781542778,178.028166435139
7,92.7699564695358,175.935611486435
7,93.5211313962936,173.843051671982
7,94.6848296225071,171.750491857529
7,95.0727309286594,169.657932043076
7,95.4606322348118,167.565372228622
7,95.8485335409641,165.472812414169
7,96.2364348471165,163.380252599716
7,96.6243361532688,152.732392311096
7,97.0122374594212,142.084504127502
7,97.4001387655735,131.436615943909
7,97.7880400717258,120.788727760315
7,98.1759413778782,110.140839576721
7,98.5638426840305,99.4929513931274
7,98.9517439901829,88.8450632095337
7,99.3396452963352,78.1971750259399
7,99.7275466024876,67.5492868423462
7,100.11544790864,56.9013986587524
7,100.503349214792,56.9804810583591
7,100.891250520945,56.4961709082127
7,101.279151827097,56.0118607580662
7,101.667053133249,55.5275506079197
7,102.054954439402,55.0432404577732
7,102.442855745554,54.5589303076267
7,102.830757051706,54.0746201574802
7,103.218658357859,53.5903100073338
7,103.606559664011,53.1059998571873
7,103.994460970163,52.6216897070408
7,104.382362276316,52.1373795568943
7,104.770263582468,51.6530694067478
7,105.15816488862,51.1687592566013
7,105.546066194773,50.6844491064548
7,105.933967500925,50.2001389563084
7,106.321868807077,49.7158288061619
7,106.70977011323,49.2315186560154
7,107.097671419382,48.7472085058689
7,107.485572725534,48.2628983557224
7,107.873474031687,47.7785882055759
7,108.261375337839,47.2942780554295
7,108.649276643991,46.809967905283
7,109.037177950144,46.3256577551365
7,109.425079256296,45.84134760499
7,109.812980562449,45.3570374548435
7,110.200881868601,44.872727304697
7,110.588783174753,44.3884171545506
7,110.976684480906,43.9041070044041
7,111.364585787058,43.4197968542576
7,111.75248709321,42.9354867041111
7,112.140388399363,42.4511765539646
7,112.528289705515,41.9668664038181
7,112.916191011667,41.4825562536716
7,113.30409231782,40.9982461035252
7,113.691993623972,40.5139359533787
7,114.079894930124,40.0296258032322
7,114.467796236277,39.5453156530857
7,114.855697542429,39.0610055029392
7,115.243598848581,38.5766953527927
7,115.631500154734,38.0923852026463
7,116.019401460886,37.6080750524998
7,116.407302767038,37.1237649023533
7,116.795204073191,36.6394547522068
7,117.183105379343,36.1551446020603
7,117.794125974178,35.6708344519138
7,118.160664975643,35.1865243017673
7,118.527203977108,34.7022141516209
7,118.893742978573,34.2179040014744
7,119.260281980038,33.7335938513279
7,119.626820981503,33.2492837011814
7,119.993359982967,32.7649735510349
7,120.359898984432,32.2806634008884
7,120.726437985897,31.796353250742
7,121.092976987362,31.3120431005955
7,121.459515988827,30.827732950449
7,121.826054990292,30.3434228003025
7,122.192593991756,29.859112650156
7,122.559132993221,28.507043004036
7,122.925671994686,27.1549311876297
7,123.292210996151,25.8028193712235
7,123.658749997616,24.4507075548172
7,124.025288999081,23.098595738411
7,124.391828000546,21.7464839220047
7,124.75836700201,20.3943721055985
7,125.124906003475,19.0422602891922
7,125.49144500494,17.690148472786
7,125.857984006405,16.3380366563797
7,126.22452300787,14.9859248399734
7,126.591062009335,13.6338120698929
7,126.957601010799,12.2816992998123
-1,127.324140012264,10.9295865297318
-1,130.756247788668,9.57747375965118
-1,131.241614609957,27.4648840427399
-1,131.726981431246,26.7606585025787
-1,132.212348252535,26.0564329624176
-1,132.697715073824,25.3522074222565
-1,133.183081895113,24.6479818820953
-1,133.668448716402,23.9437563419342
-1,134.153815537691,23.2395308017731
-1,134.63918235898,22.5353052616119
-1,135.124549180269,21.8310797214508
-1,135.609916001558,21.1268541812897
-1,136.095282822847,20.4226286411285
-1,136.580649644136,19.7184031009674
-1,137.066016465425,19.0141775608063
-1,137.551383286715,18.3099520206451
-1,138.036750108004,17.605726480484
-1,138.522116929293,16.9015009403229
-1,139.007483750582,16.1972754001617
-1,139.492850571871,15.4930498600006
-1,139.97821739316,14.7888243198395
-1,140.463584214449,14.0845987796783
-1,140.948951035738,13.3803732395172
-1,141.434317857027,12.6761476993561
-1,141.919684678316,11.9719221591949
-1,142.405051499605,11.2676966190338
-1,142.890418320894,10.5634710788727
-1,143.375785142183,9.85924553871155
-1,143.861151963472,9.15501999855042
-1,144.346518784761,8.45079445838928
-1,144.83188560605,7.74656891822815
-1,145.31725242734,7.04234337806702
-1,145.802619248629,6.33811783790588
-1,146.287986069918,5.63389229774475
-1,146.773352891207,4.92966675758362
-1,147.258719712496,4.22544121742249
-1,147.744086533785,3.52121567726135
-1,148.229453355074,2.8169903755188
-1,148.714820176363,2.11276507377625
-1,149.200186997652,1.40853977203369
-1,149.685553818941,0.704314470291138
-1,150.17092064023,8.91685485839844E-05
-1,150.656287461519,0
-1,151.141654282808,0
-1,151.627021104097,0
-1,152.112387925386,0
-1,153.239213764668,128
-1,100,128
-1,100,128
-1,100,128
-1,100,128
-1,100,128
-1,100,128
-1,100,128
-1,100,128
-1,100,0
-1,100,0
-1,100,0
-1,100,0
-1,100,0
-1,100,0
-1,100,0
-1,100,0
-1,100,0
4,72.112678527832,0
4,70.9859161376953,0
4,71.266146749258,0
4,71.5463744103909,0
4,71.8266020715237,0
4,72.1068297326565,0
4,72.3870573937893,0
4,72.6672850549221,1.9649612903595
4,72.9475127160549,4.09481334686279
4,73.2277403771877,6.22466540336609
4,73.5079680383205,8.35451769828796
4,73.7881956994534,10.4843699932098
4,74.0684233605862,12.6142222881317
4,74.348651021719,14.7440745830536
4,74.6288786828518,16.8739268779755
4,74.9091063439846,19.003778219223
4,75.1893340051174,21.1336305141449
4,75.4695616662502,23.2634828090668
4,75.749789327383,25.3933351039886
4,76.0300169885159,27.5231873989105
4,76.3102446496487,29.6530396938324
4,76.5904723107815,31.7828919887543
4,76.8706999719143,33.9127442836761
4,77.1509276330471,36.0425946712494
4,77.4311552941799,38.1724469661713
4,77.7113829553127,40.3022992610931
4,77.9916106164455,42.432151556015
4,78.2718382775784,44.5620038509369
4,78.5520659387112,46.6918561458588
4,78.832293599844,48.8217084407806
4,79.1125212609768,49.5774647887324
4,79.3927489221096,52.9246091842651
4,79.6729765832424,56.2717542648315
4,79.9532042443752,59.6188993453979
4,80.233431905508,62.9660444259644
4,80.5136595666409,66.3131895065308
4,80.7938872277737,69.6603307723999
4,81.0741148889065,73.0074758529663
4,81.3543425500393,76.3546209335327
4,81.6345702111721,79.7017660140991
4,81.9147978723049,83.0489110946655
4,82.1950255334377,88.4507064819336
4,82.4752531945705,89.7887337207794
4,82.7554808557034,91.126761674881
4,83.0357085168362,92.4647896289825
4,83.315936177969,93.8028175830841
4,83.5961638391018,95.1408455371857
4,83.8763915002346,96.4788734912872
4,84.1566191613674,97.8169014453888
4,84.4368468225002,99.1549293994904
4,84.717074483633,100.492957353592
4,84.9973021447659,101.830985307693
4,85.2775298058987,103.169013261795
4,85.5577574670315,104.507041215897
4,85.8379851281643,105.845069169998
4,86.1182127892971,107.1830971241
4,86.3984404504299,108.521125078201
4,86.6786681115627,109.859153032303
4,86.9588957726955,111.197180986404
4,87.2391234338284,112.535208940506
4,87.5193510949612,113.873236894608
4,87.799578756094,115.211264848709
4,88.0798064172268,116.549292802811
4,88.3600340783596,117.887320756912
4,88.6402617394924,119.225348711014
4,88.9204894006252,120.563377380371
4,89.200717061758,120.04694545269
4,89.4809447228909,119.53051173687
4,89.7611723840237,119.01407802105
4,90.0414000451565,118.497644305229
4,90.3216277062893,117.981210589409
4,90.6018553674221,117.464776873589
4,90.8820830285549,116.948343157768
4,91.1623106896877,116.431909441948
4,91.4425383508205,115.915475726128
4,91.7227660119534,115.399042010307
4,92.0029936730862,114.882608294487
4,92.283221334219,114.366174578667
4,92.5634489953518,113.849740862846
4,92.8436766564846,113.333307147026
4,93.1239043176174,112.816873431206
4,93.4041319787502,112.300439715385
4,93.684359639883,111.784005999565
4,93.9645873010159,112.112678527832
4,94.2448149621487,112.189772643149
4,94.5250426232815,112.266867674887
4,94.8052702844143,112.343962706625
4,95.0854979455471,112.421057738364
4,95.3657256066799,112.498152770102
4,95.6459532678127,112.57524780184
4,95.9261809289455,112.652342833579
4,96.2064085900784,112.729437865317
4,96.4866362512112,112.806532897055
4,96.766863912344,112.883627928793
4,97.0470915734768,112.960722960532
4,97.3273192346096,113.03781799227
4,97.6075468957424,113.114913024008
4,97.8877745568752,113.192008055747
4,98.168002218008,113.269103087485
4,98.4482298791409,113.346198119223
4,98.7284575402737,113.423293150961
4,99.0086852014065,113.5003881827
4,99.2889128625393,113.577483214438
4,99.5691405236721,113.654578246176
4,99.8493681848049,113.731673277915
4,100.129595845938,113.808768309653
4,100.409823507071,113.885863341391
4,100.690051168203,113.962958373129
4,100.970278829336,114.040053404868
4,101.250506490469,114.117148436606
4,101.530734151602,114.194243468344
4,101.810961812735,114.271338500082
4,102.091189473867,114.348433531821
4,102.371417135,114.425528563559
4,102.651644796133,114.502623595297
4,102.931872457266,114.579718627036
4,103.212100118399,114.656813658774
4,103.492327779531,114.733908690512
4,103.772555440664,114.81100372225
4,104.052783101797,114.888098753989
4,104.33301076293,114.965193785727
4,104.613238424063,115.042288817465
4,104.893466085196,115.119383849204
4,105.173693746328,115.196478880942
4,105.453921407461,115.27357391268
4,105.734149068594,115.350668944418
4,106.014376729727,115.427763976157
4,106.29460439086,115.504859007895
4,106.574832051992,115.581954039633
4,106.855059713125,115.659049071372
4,107.135287374258,115.73614410311
4,107.415515035391,115.813239134848
4,107.695742696524,115.890334166586
4,107.975970357656,115.967429198325
4,108.256198018789,116.044524230063
4,108.536425679922,116.121619261801
4,108.816653341055,116.19871429354
4,109.096881002188,116.275809325278
4,109.377108663321,116.352904357016
4,109.657336324453,116.429999388754
4,109.937563985586,116.507094420493
4,110.217791646719,116.584189452231
4,110.498019307852,116.661284483969
4,110.778246968985,116.738379515707
4,111.058474630117,116.815474547446
4,111.33870229125,116.892569579184
4,111.618929952383,116.969664610922
4,111.899157613516,117.046759642661
4,112.179385274649,117.123854674399
4,112.459612935781,117.200949706137
4,112.739840596914,117.278044737875
4,113.020068258047,117.355139769614
4,113.30029591918,117.432234801352
4,113.580523580313,117.50932983309
4,113.860751241446,117.586424864829
4,114.140978902578,117.663519896567
4,114.421206563711,117.740614928305
4,114.701434224844,117.817709960043
4,114.981661885977,117.894804991782
4,115.26188954711,117.97190002352
4,115.542117208242,118.048995055258
4,115.822344869375,118.126090086997
4,116.102572530508,118.203185118735
4,116.382800191641,118.280280150473
4,116.663027852774,118.357375182211
4,116.943255513906,118.43447021395
4,117.223483175039,118.511565245688
4,117.503710836172,118.588660277426
4,117.783938497305,118.665755309165
4,118.064166158438,118.742850340903
4,118.344393819571,118.819945372641
4,118.624621480703,118.897040404379
4,118.309860229492,118.974135436118
4,118.604652225971,119.051230467856
4,118.899444401264,119.128325499594
4,119.194236576557,119.205420531332
4,119.48902875185,119.282515563071
4,119.783820927143,119.359610594809
4,120.078613102436,119.436622619629
4,120.373405277729,119.160455673933
4,120.668197453022,118.884286850691
4,120.962989628315,118.608118027449
4,121.257781803608,118.331949204206
4,121.552573978901,118.055780380964
4,121.847366154194,117.779611557722
4,122.142158329487,117.50344273448
4,122.43695050478,117.227273911238
4,122.731742680073,116.951105087996
4,123.026534855366,116.674936264753
4,123.321327030659,116.398767441511
4,123.616119205952,116.122598618269
4,123.910911381245,115.846429795027
4,124.205703556538,115.570260971785
4,124.500495731831,115.294092148542
4,124.795287907124,115.0179233253
4,125.090080082417,114.741754502058
4,125.38487225771,114.465585678816
4,125.679664433002,114.189416855574
4,125.974456608295,113.913248032331
4,126.269248783588,113.637079209089
4,126.564040958881,113.360910385847
4,126.858833134174,113.084741562605
4,127.153625309467,112.808572739363
4,127.44841748476,112.532403916121
4,127.743209660053,112.256235092878
4,128.038001835346,111.980066269636
4,128.332786381245,111.703897446394
4,128.627570927143,111.427728623152
4,128.922355473042,111.15155979991
4,129.21714001894,110.875390976667
4,129.511924564838,110.599222153425
4,129.806709110737,110.323053330183
4,130.101493656635,110.046884506941
4,130.396278202534,109.770715683699
4,130.691062748432,109.494546860456
4,130.985847294331,109.218378037214
4,131.280631840229,108.942209213972
4,131.575416386127,108.66604039073
4,131.870200932026,108.389871567488
4,132.164985477924,108.113702744246
4,132.459770023823,107.837533921003
4,132.754554569721,107.561365097761
4,133.04933911562,107.285196274519
4,133.344123661518,107.009027451277
4,133.638908207417,106.732858628035
4,133.933692753315,106.456689804792
4,134.228477299213,106.18052098155
4,134.523261845112,105.904352158308
-1,134.81804639101,105.628183335066
