OPENBVE15311
#ACCELERATION
1,0.8,20,50,99
2,1.2,45,60,99
2.5,1.5,70,75,99
3.5,3,80,90,99
#PERFORMANCE
5              ; Deceleration
0.35           ; CoefficientOfStaticFriction
0              ; Reserved (not used)
0.0025         ; CoefficientOfRollingResistance
1.2            ; AerodynamicDragCoefficient
#DELAY
0.3,0,0,0      ; DelayPowerUp
0.3,0,0,0      ; DelayPowerDown
0.3,0,0        ; DelayBrakeUp
0.3,0,0        ; DelayBrakeDown
0,0,0,0,0,0,0,0; DelayLocoBrakeUp (1.5.3.4+)
0,0,0,0,0,0,0,0; DelayLocoBrakeDown (1.5.3.4+)
#MOVE
1000           ; JerkPowerUp
1000           ; JerkPowerDown
3000           ; JerkBrakeUp
3000           ; JerkBrakeDown
300            ; BrakeCylinderUp
200            ; BrakeCylinderDown
#BRAKE
1              ; BrakeType
2              ; BrakeControlSystem
3.2            ; BrakeControlSpeed
0              ; LocoBrakeType (1.5.3.4+)
#PRESSURE
295.3846152    ; BrakeCylinderServiceMaximumPressure
480            ; BrakeCylinderEmergencyMaximumPressure
690            ; MainReservoirMinimumPressure
780            ; MainReservoirMaximumPressure
490            ; BrakePipeNormalPressure
#HANDLE
1              ; HandleType
4              ; PowerNotches
3              ; BrakeNotches
0              ; PowerNotchReduceSteps
0              ; EbHandleBehaviour (1.5.3.3+)
0              ; LocoBrakeNotches (1.5.3.4+)
0              ; LocoBrakeType (1.5.3.4+)
4              ; DriverPowerNotches
3              ; DriverBrakeNotches
#CAB
1500           ; X
2500           ; Y
500            ; Z
0              ; DriverCar
#CAR
38.3           ; MotorCarMass
4              ; NumberOfMotorCars
32.2           ; TrailerCarMass
2              ; NumberOfTrailerCars
25             ; LengthOfACar
0              ; FrontCarIsAMotorCar
2.4            ; WidthOfACar
3.2            ; HeightOfACar
1.5            ; CenterOfGravityHeight
5              ; ExposedFrontalArea
1.6            ; UnexposedFrontalArea
#DEVICE
1              ; Ats
1              ; Atc
0              ; Eb
0              ; ConstSpeed
0              ; HoldBrake
0              ; ReAdhesionDevice
0              ; Reserved (not used)
0              ; PassAlarm
2              ; DoorOpenMode
2              ; DoorCloseMode
1000           ; DoorWidth
0              ; DoorMaxTolerance
#MOTOR_P1
2,98.1818161010742,1.81818181818181
2,100,180.909088134766
2,100,180.909088288895
2,100,180.909088443024
2,100,180.909088597153
2,100,180.909088751282
2,100,180.909088905412
2,100,180.909089059541
2,100,180.90908921367
2,100,180.909089367799
2,100,180.909089521928
2,100,180.909089676058
2,100,180.909089830187
2,100,180.909089984316
2,100,180.909090138445
2,100,180.909090292574
2,100,180.909090446704
2,100,180.909090600833
2,100,180.909090754962
2,100,180.909088134766
2,100,180.909088159536
2,100,180.909088184307
2,100,180.909088209078
2,100,180.909088233849
2,100,180.909088258619
2,100,180.90908828339
2,100,180.909088308161
2,100,180.909088332932
2,100,180.909088357703
2,100,180.909088382473
2,100,180.909088407244
2,100,180.909088432015
2,100,180.909088456786
2,100,180.909088481556
2,100,180.909088506327
2,100,180.909088531098
2,100,180.909088555869
2,100,180.909088580639
2,100,180.90908860541
2,100,180.909088630181
2,100,180.909088654952
2,100,180.909088679723
2,100,180.909088704493
2,100,180.909088729264
2,100,180.909088754035
2,100,180.909088778806
2,100,180.909088803576
2,100,180.909088828347
2,100,180.909088853118
2,100,180.909088877889
2,100,180.90908890266
1,100,180.90908892743
1,100,180.909088952201
1,100,180.909088976972
1,100,180.909089001743
1,100,180.909089026513
1,100,180.909089051284
1,100,180.909089076055
1,100,180.909089100826
1,100,180.909089125596
1,100,180.909089150367
1,100,180.909089175138
1,100,180.909089199909
1,100,180.90908922468
1,100,180.90908924945
1,100,180.909089274221
1,100,180.909089298992
1,100,180.909089323763
1,100,180.909089348533
1,100,180.909089373304
1,100,180.909089398075
1,100,180.909089422846
1,100,180.909089447616
1,100,180.909089472387
1,100,180.909089497158
1,100,180.909089521929
1,100,180.9090895467
1,100,180.90908957147
1,100,180.909089596241
1,100,180.909089621012
1,100,180.909089645783
1,100,180.909089670553
1,100,180.909089695324
1,100,180.909089720095
1,100,180.909089744866
1,100,180.909089769636
1,100,180.909089794407
1,100,180.58251953125
1,100,180.582519607711
1,100,180.582519684172
1,100,180.582519760634
1,100,180.582519837095
1,100,180.582519913556
1,100,180.582519990017
1,100,180.582520066478
1,100,180.58252014294
1,100,180.582520219401
1,100,180.582520295862
1,100,180.582520372323
1,100,180.582520448784
1,100,180.582520525245
1,100,180.582520601707
1,100,180.582520678168
1,100,180.582520754629
1,100,180.58252083109
1,100,180.582520907551
1,100,180.582520984013
1,100,180.582521060474
1,100,180.582521136935
1,100,180.582521213396
1,100,180.582521289857
1,100,180.582521366319
1,100,180.58252144278
1,100,180.582521519241
1,100,180.582521595702
1,100,180.582521672163
1,100,180.582521748625
1,100,180.582521825086
1,100,180.582521901547
1,100,180.582521978008
1,100,180.582522054469
1,100,180.58252213093
1,100,180.582522207392
1,100,180.582522283853
-1,100,180.582522360314
-1,100,180.582522436775
-1,100,224.271844660194
-1,100,224.271844839762
-1,100,224.27184501933
-1,100,224.271845198898
-1,100,224.271845378466
-1,100,224.271845558034
-1,100,224.271845737602
-1,100,224.27184591717
-1,100,224.271846096738
-1,90.2086583375931,224.271846276306
-1,90.5564824342728,224.271846455874
-1,90.9043065309525,224.271846635442
-1,91.2521306276321,224.27184681501
-1,91.5999547243118,224.271846994578
-1,80.6933288574219,224.271847174146
-1,80.9066619873047,224.271847353714
-1,81.1199951171875,224.271847533282
-1,81.3333282470703,224.27184771285
-1,81.5466613769531,224.271847892417
-1,81.7599945068359,224.271848071985
-1,81.9733276367188,224.271848251553
-1,82.1866607666016,224.271848431121
-1,82.3999938964844,224.271848610689
-1,82.7605014308322,224.271848790257
-1,82.9396198587862,224.271848969825
-1,83.1187382867401,224.271849149393
-1,83.2978567146941,224.271849328961
-1,83.4769751426481,224.271849508529
-1,83.6560935706021,224.271849688097
-1,83.8352119985561,224.271849867665
-1,84.01433042651,224.271850047233
-1,84.193448854464,224.271850226801
-1,84.372567282418,224.271850406369
-1,84.551685710372,224.271850585937
-1,84.730804138326,224.271850026904
-1,84.9099225662799,224.271850018918
-1,85.0890409942339,224.271850010932
-1,85.2681594221879,224.271850002946
-1,85.4472778501419,224.27184999496
-1,85.6263962780959,224.271849986973
-1,85.8055147060498,224.271849978987
-1,85.9846331340038,224.271849971001
-1,86.1637515619578,224.271849963015
-1,86.3428699899118,224.271849955029
-1,86.5219884178658,224.271849947042
-1,86.7011068458198,224.271849939056
-1,86.8802252737737,224.27184993107
-1,87.0593437017277,224.271849923084
-1,87.2384621296817,224.271849915098
-1,87.4175805576357,224.271849907112
-1,87.5966989855897,224.271849899125
-1,87.7758174135436,224.271849891139
-1,87.9549358414976,224.271849883153
-1,88.1340542694516,224.271849875167
-1,88.3131726974056,224.271849867181
-1,88.4922911253596,224.271849859194
-1,88.6714095533135,224.271849851208
-1,88.8505279812675,224.271849843222
-1,89.0296464092215,224.271849835236
-1,89.2087648371755,224.27184982725
-1,89.3878832651295,224.271849819263
-1,89.5670016930834,224.271849811277
-1,89.7461201210374,224.271849803291
-1,89.9252385489914,224.271849795305
-1,90.1043569769454,224.271849787319
-1,90.2834754048994,224.271849779333
-1,90.4625938328533,224.271849771346
-1,90.6417122608073,224.27184976336
-1,90.8208306887613,224.271849755374
-1,90.9999491167153,224.271849747388
-1,91.1790675446693,224.271849739402
-1,91.3581859726232,224.271849731415
-1,91.5373044005772,224.271849723429
-1,91.7164228285312,224.271849715443
-1,91.8955412564852,224.271849707457
-1,92.0746596844392,224.271849699471
-1,92.2537781123932,224.271849691484
-1,92.4328965403471,224.271849683498
-1,92.6120149683011,224.271849675512
-1,92.7911333962551,224.271849667526
-1,92.9702518242091,224.27184965954
-1,93.1493702521631,224.271849651554
-1,93.328488680117,224.271849643567
-1,93.507607108071,224.271849635581
-1,93.686725536025,224.271849627595
-1,93.865843963979,224.271849619609
-1,94.044962391933,224.271849611623
-1,94.2240808198869,224.271849603636
-1,94.4031992478409,224.27184959565
-1,94.5823176757949,224.271849587664
-1,94.7614361037489,224.271849579678
-1,94.9405545317029,224.271849571692
-1,95.1196729596568,224.271849563705
-1,95.2987913876108,224.271849555719
-1,95.4779098155648,224.271849547733
-1,95.6570282435188,224.271849539747
-1,95.8361466714728,224.271849531761
-1,96.0152650994267,224.271849523775
-1,96.1943835273807,224.271849515788
-1,96.3735019553347,224.271849507802
-1,96.5526203832887,224.271849499816
-1,96.7317388112427,224.27184949183
-1,96.9108572391966,224.271849483844
-1,97.0899756671506,224.271849475857
-1,97.2690940951046,224.271849467871
-1,97.4482125230586,224.271849459885
-1,97.6273309510126,224.271849451899
-1,97.8064493789665,224.271849443913
-1,97.9855678069205,224.271849435926
-1,98.1646862348745,224.27184942794
-1,98.3438046628285,224.271849419954
-1,98.5229230907825,224.271849411968
-1,98.7020415187365,224.271849403982
-1,98.8811599466904,224.271849395996
-1,99.0602783746444,224.271849388009
-1,99.2393968025984,224.271849380023
-1,99.4185152305524,224.271849372037
-1,99.5976336585064,224.271849364051
-1,99.7767520864603,224.271849356065
-1,99.9558705144143,224.271849348078
-1,100.134988942368,224.271849340092
-1,100.314107370322,224.271849332106
-1,100.493225798276,224.27184932412
-1,100.67234422623,224.271849316134
-1,100.851462654184,224.271849308147
-1,101.030581082138,224.271849300161
-1,101.209699510092,224.271849292175
-1,101.388817938046,224.271849284189
-1,101.567936366,224.271849276203
-1,101.747054793954,224.271849268217
-1,101.926173221908,224.27184926023
-1,102.105291649862,224.271849252244
-1,102.284410077816,224.271849244258
-1,102.46352850577,224.271849236272
-1,102.642646933724,224.271849228286
-1,102.821765361678,224.271849220299
-1,103.000883789632,224.271849212313
-1,103.180002217586,224.271849204327
-1,103.35912064554,224.271849196341
-1,103.538239073494,224.271849188355
-1,103.717357501448,224.271849180368
-1,103.896475929402,224.271849172382
-1,104.075594357356,224.271849164396
-1,104.25471278531,224.27184915641
-1,104.433831213264,224.271849148424
-1,104.612949641218,224.271849140438
-1,104.792068069172,224.271849132451
-1,104.971186497126,224.271849124465
-1,105.15030492508,224.271849116479
-1,105.329423353034,224.271849108493
-1,105.508541780988,224.271849100507
-1,105.687660208942,224.27184909252
-1,105.866778636896,224.271849084534
-1,106.04589706485,224.271849076548
-1,106.225015492804,224.271849068562
-1,106.404133920758,224.271849060576
-1,106.583252348712,224.271849052589
-1,106.762370776666,224.271849044603
-1,106.94148920462,224.271849036617
-1,107.120607632574,224.271849028631
-1,107.299726060528,224.271849020645
-1,107.478844488481,224.271849012659
-1,107.657962916435,224.271849004672
-1,107.837081344389,224.271848996686
-1,108.016199772343,224.2718489887
-1,108.195318200297,224.271848980714
-1,108.374436628251,224.271848972728
-1,108.553555056205,224.271848964741
-1,108.732673484159,224.271848956755
-1,108.911791912113,224.271848948769
-1,109.090910340067,224.271848940783
-1,109.270028768021,224.271848932797
-1,109.449147195975,224.27184892481
-1,109.628265623929,224.271848916824
-1,109.807384051883,224.271848908838
-1,109.986502479837,224.271848900852
-1,110.165620907791,224.271848892866
-1,110.344739335745,224.27184888488
-1,110.523857763699,224.271848876893
-1,110.702976191653,224.271848868907
-1,110.882094619607,224.271848860921
-1,111.061213047561,224.271848852935
-1,111.240331475515,224.271848844949
-1,111.419449903469,224.271848836962
-1,111.598568331423,224.271848828976
-1,111.777686759377,224.27184882099
-1,111.956805187331,224.271848813004
-1,112.135923615285,224.271848805018
-1,112.315042043239,224.271848797031
-1,112.494160471193,224.271848789045
-1,112.673278899147,224.271848781059
-1,112.852397327101,224.271848773073
-1,113.031515755055,224.271848765087
-1,113.210634183009,224.271848757101
-1,113.389752610963,224.271848749114
-1,113.568871038917,224.271848741128
-1,113.747989466871,224.271848733142
-1,113.927107894825,224.271848725156
-1,114.106226322779,224.27184871717
-1,114.285344750733,224.271848709183
-1,114.464463178687,224.271848701197
-1,114.643581606641,224.271848693211
-1,114.822700034595,224.271848685225
-1,115.001818462549,224.271848677239
-1,115.180936890503,224.271848669252
-1,115.360055318457,224.271848661266
-1,115.539173746411,224.27184865328
-1,115.718292174365,224.271848645294
-1,115.897410602319,224.271848637308
-1,116.076529030273,224.271848629322
-1,116.255647458227,224.271848621335
-1,116.434765886181,224.271848613349
-1,116.613884314135,224.271848605363
-1,116.793002742088,224.271848597377
-1,116.972121170042,224.271848589391
-1,117.151239597996,224.271848581404
-1,117.33035802595,224.271848573418
-1,117.509476453904,224.271848565432
-1,117.688594881858,224.271848557446
-1,117.867713309812,224.27184854946
-1,118.046831737766,224.271848541473
-1,118.22595016572,224.271848533487
-1,118.405068593674,224.271848525501
-1,118.584187021628,224.271848517515
-1,118.763305449582,224.271848509529
-1,118.942423877536,224.271848501543
-1,119.12154230549,224.271848493556
-1,119.300660733444,224.27184848557
-1,119.479779161398,224.271848477584
-1,119.658897589352,224.271848469598
-1,119.838016017306,224.271848461612
-1,120.01713444526,224.271848453625
-1,120.196252873214,224.271848445639
-1,120.375371301168,224.271848437653
-1,120.554489729122,224.271848429667
-1,120.733608157076,224.271848421681
-1,120.91272658503,224.271848413694
-1,121.091845012984,224.271848405708
-1,121.270963440938,224.271848397722
-1,121.450081868892,224.271848389736
-1,121.629200296846,224.27184838175
-1,121.8083187248,224.271848373764
-1,121.987437152754,224.271848365777
-1,122.166555580708,224.271848357791
-1,122.345674008662,224.271848349805
-1,122.524792436616,224.271848341819
-1,122.70391086457,224.271848333833
-1,122.883029292524,224.271848325846
-1,123.062147720478,224.27184831786
-1,123.241266148432,224.271848309874
-1,123.420384576386,224.271848301888
-1,123.59950300434,224.271848293902
-1,123.778621432294,224.271848285915
-1,123.957739860248,224.271848277929
-1,124.136858288202,224.271848269943
-1,124.315976716156,224.271848261957
-1,124.49509514411,224.271848253971
-1,124.674213572064,224.271848245985
-1,124.853332000018,224.271848237998
-1,125.032450427972,224.271848230012
-1,125.211568855926,224.271848222026
-1,125.39068728388,224.27184821404
-1,125.569805711834,224.271848206054
-1,125.748924139788,224.271848198067
-1,125.928042567742,224.271848190081
-1,126.107160995695,224.271848182095
-1,126.286279423649,224.271848174109
-1,126.465397851603,224.271848166123
-1,126.644516279557,224.271848158136
-1,126.823634707511,224.27184815015
-1,127.002753135465,224.271848142164
-1,127.181871563419,224.271848134178
-1,127.360989991373,224.271848126192
-1,127.540108419327,224.271848118205
-1,127.719226847281,224.271848110219
-1,127.898345275235,224.271848102233
-1,128.077463703189,224.271848094247
-1,128.256582131143,224.271848086261
-1,128.435700559097,224.271848078275
-1,128.614818987051,224.271848070288
-1,128.793937415005,224.271848062302
-1,128.973055842959,224.271848054316
-1,129.152174270913,224.27184804633
-1,129.331292698867,224.271848038344
-1,129.510411126821,224.271848030357
-1,129.689529554775,224.271848022371
-1,129.868647982729,224.271848014385
-1,130.047766410683,224.271848006399
-1,130.226884838637,224.271847998413
-1,130.406003266591,224.271847990426
-1,130.585121694545,224.27184798244
-1,130.764240122499,224.271847974454
-1,130.943358550453,224.271847966468
-1,131.122476978407,224.271847958482
-1,131.301595406361,224.271847950496
-1,131.480713834315,224.271847942509
-1,131.659832262269,224.271847934523
-1,131.838950690223,224.271847926537
-1,132.018069118177,224.271847918551
-1,132.197187546131,224.271847910565
-1,132.376305974085,224.271847902578
-1,132.555424402039,224.271847894592
-1,132.734542829993,224.271847886606
-1,132.913661257947,224.27184787862
-1,133.092779685901,224.271847870634
-1,133.271898113855,224.271847862647
-1,133.451016541809,224.271847854661
-1,133.630134969763,224.271847846675
-1,133.809253397717,224.271847838689
-1,133.988371825671,224.271847830703
-1,134.167490253625,224.271847822717
-1,134.346608681579,224.27184781473
-1,134.525727109533,224.271847806744
-1,134.704845537487,224.271847798758
-1,134.883963965441,224.271847790772
-1,135.063082393395,224.271847782786
-1,135.242200821349,224.271847774799
-1,135.421319249303,224.271847766813
-1,135.600437677257,224.271847758827
-1,135.779556105211,224.271847750841
-1,135.958674533165,224.271847742855
-1,136.137792961119,224.271847734868
-1,136.316911389073,224.271847726882
-1,136.496029817027,224.271847718896
-1,136.675148244981,224.27184771091
-1,136.854266672935,224.271847702924
-1,137.033385100889,224.271847694938
-1,137.212503528843,224.271847686951
-1,137.391621956797,224.271847678965
-1,137.570740384751,224.271847670979
-1,137.749858812705,224.271847662993
-1,137.928977240659,224.271847655007
-1,138.108095668613,224.27184764702
-1,138.287214096567,224.271847639034
-1,138.466332524521,224.271847631048
-1,138.645450952475,224.271847623062
-1,138.824569380429,224.271847615076
-1,139.003687808383,224.271847607089
-1,139.182806236337,224.271847599103
-1,139.361924664291,224.271847591117
-1,139.541043092245,224.271847583131
-1,139.720161520199,224.271847575145
-1,139.899279948153,224.271847567159
-1,140.078398376107,224.271847559172
-1,140.257516804061,224.271847551186
-1,140.436635232015,224.2718475432
-1,140.615753659969,224.271847535214
-1,140.794872087923,224.271847527228
-1,140.973990515877,224.271847519241
-1,141.153108943831,224.271847511255
-1,141.332227371785,224.271847503269
-1,141.511345799739,224.271847495283
-1,141.690464227693,224.271847487297
-1,141.869582655647,224.27184747931
-1,142.048701083601,224.271847471324
-1,142.227819511555,224.271847463338
-1,142.406937939509,224.271847455352
-1,142.586056367463,224.271847447366
-1,142.765174795417,224.27184743938
-1,142.944293223371,224.271847431393
-1,143.123411651325,224.271847423407
-1,143.302530079279,224.271847415421
-1,143.481648507233,224.271847407435
-1,143.660766935187,224.271847399449
-1,143.839885363141,224.271847391462
-1,144.019003791095,224.271847383476
-1,144.198122219049,224.27184737549
-1,144.377240647003,224.271847367504
-1,144.556359074957,224.271847359518
-1,144.735477502911,224.271847351531
-1,144.914595930865,224.271847343545
-1,145.093714358819,224.271847335559
-1,145.272832786773,224.271847327573
-1,145.451951214727,224.271847319587
-1,145.631069642681,224.271847311601
-1,145.631068623913,224.271847303614
-1,145.631068668096,224.271847295628
-1,145.631068712279,224.271847287642
-1,145.631068756463,224.271847279656
-1,145.631068800646,224.27184727167
-1,145.631068844829,224.271847263683
-1,145.631068889012,224.271847255697
-1,145.631068933195,224.271847247711
-1,145.631068977379,224.271847239725
-1,145.631069021562,224.271847231739
-1,145.631069065745,224.271847223752
-1,145.631069109928,224.271847215766
-1,145.631069154111,224.27184720778
-1,145.631069198295,224.271847199794
-1,145.631069242478,224.271847191808
-1,145.631069286661,224.271847183822
-1,145.631069330844,224.271847175835
-1,145.631069375027,224.271847167849
-1,145.63106941921,224.271847159863
-1,145.631069463394,224.271847151877
-1,145.631069507577,224.271847143891
-1,145.63106955176,224.271847135904
-1,145.631069595943,224.271847127918
-1,145.631069640126,224.271847119932
-1,145.63106968431,224.271847111946
-1,145.631069728493,224.27184710396
-1,145.631069772676,224.271847095973
-1,145.631069816859,224.271847087987
-1,145.631069861042,224.271847080001
-1,145.631069905226,224.271847072015
-1,145.631069949409,224.271847064029
-1,145.631069993592,224.271847056043
-1,145.631070037775,224.271847048056
-1,145.631070081958,224.27184704007
-1,145.631070126142,224.271847032084
-1,145.631070170325,224.271847024098
-1,145.631070214508,224.271847016112
-1,145.631070258691,224.271847008125
-1,145.631070302874,224.271847000139
-1,145.631070347058,224.271846992153
-1,145.631070391241,224.271846984167
-1,145.631070435424,224.271846976181
-1,145.631070479607,224.271846968194
-1,145.63107052379,224.271846960208
-1,145.631070567974,224.271846952222
-1,145.631070612157,224.271846944236
-1,145.63107065634,224.27184693625
-1,145.631070700523,224.271846928264
-1,145.631070744706,224.271846920277
-1,145.63107078889,224.271846912291
-1,145.631070833073,224.271846904305
-1,145.631070877256,224.271846896319
-1,145.631070921439,224.271846888333
-1,145.631070965622,224.271846880346
-1,145.631071009806,224.27184687236
-1,145.631071053989,224.271846864374
-1,145.631071098172,224.271846856388
-1,145.631071142355,224.271846848402
-1,145.631071186538,224.271846840415
-1,145.631071230722,224.271846832429
-1,145.631071274905,224.271846824443
-1,145.631071319088,224.271846816457
-1,145.631071363271,224.271846808471
-1,145.631071407454,224.271846800485
-1,145.631071451637,224.271846792498
-1,145.631071495821,224.271846784512
-1,145.631071540004,224.271846776526
-1,145.631071584187,224.27184676854
-1,145.63107162837,224.271846760554
-1,145.631071672553,224.271846752567
-1,145.631071716737,224.271846744581
-1,145.63107176092,224.271846736595
-1,145.631071805103,224.271846728609
-1,145.631071849286,224.271846720623
-1,145.631071893469,224.271846712636
-1,145.631071937653,224.27184670465
-1,145.631071981836,224.271846696664
-1,145.631072026019,224.271846688678
-1,145.631072070202,224.271846680692
-1,145.631072114385,224.271846672706
-1,145.631072158569,224.271846664719
-1,145.631072202752,224.271846656733
-1,145.631072246935,224.271846648747
-1,145.631072291118,224.271846640761
-1,145.631072335301,224.271846632775
-1,145.631072379485,224.271846624788
-1,145.631072423668,224.271846616802
-1,145.631072467851,224.271846608816
-1,145.631072512034,224.27184660083
-1,145.631072556217,224.271846592844
-1,145.631072600401,224.271846584857
-1,145.631072644584,224.271846576871
-1,145.631072688767,224.271846568885
-1,145.63107273295,224.271846560899
-1,145.631072998047,224.271846552913
-1,145.631072931772,224.271846544927
-1,145.631072865497,224.27184653694
-1,145.631072799223,224.271846528954
-1,145.631072732948,224.271846520968
-1,145.631072666673,224.271846512982
-1,145.631072600398,224.271846504996
-1,145.631072534124,224.271846497009
-1,145.631072467849,224.271846489023
-1,145.631072401574,224.271846481037
-1,145.631072335299,224.271846473051
-1,145.631072269024,224.271846465065
-1,145.63107220275,224.271846457078
-1,145.631072136475,224.271846449092
-1,145.6310720702,224.271846441106
-1,145.631072003925,224.27184643312
-1,145.631071937651,224.271846425134
-1,145.631071871376,224.271846417148
-1,145.631071805101,224.271846409161
-1,145.631071738826,224.271846401175
-1,145.631071672552,224.271846393189
-1,145.631071606277,224.271846385203
-1,145.631071540002,224.271846377217
-1,145.631071473727,224.27184636923
-1,145.631071407453,224.271846361244
-1,145.631071341178,224.271846353258
-1,145.631071274903,224.271846345272
-1,145.631071208628,224.271846337286
-1,145.631071142353,224.271846329299
-1,145.631071076079,224.271846321313
-1,145.631071009804,224.271846313327
-1,145.631070943529,224.271846305341
-1,145.631070877254,224.271846297355
-1,145.63107081098,224.271846289369
-1,145.631070744705,224.271846281382
-1,145.63107067843,224.271846273396
-1,145.631070612155,224.27184626541
-1,145.631070545881,224.271846257424
-1,145.631070479606,224.271846249438
-1,145.631070413331,224.271846241451
-1,145.631070347056,224.271846233465
-1,145.631070280782,224.271846225479
-1,145.631070214507,224.271846217493
-1,145.631070148232,224.271846209507
-1,145.631070081957,224.27184620152
3,145.631070015682,224.271846193534
3,145.631069949408,224.271846185548
3,145.631069883133,224.271846177562
3,145.631069816858,224.271846169576
3,145.631069750583,224.27184616159
3,145.631069684309,224.271846153603
3,145.631069618034,224.271846145617
3,145.631069551759,224.271846137631
3,145.631069485484,224.271846129645
3,145.63106941921,224.271846121659
3,145.631069352935,224.271846113672
3,145.63106928666,224.271846105686
3,145.631069220385,224.2718460977
3,145.63106915411,224.271846089714
3,145.631069087836,224.271846081728
3,145.631069021561,224.271846073741
3,145.631068955286,224.271846065755
3,145.631068889011,224.271846057769
3,145.631068822737,224.271846049783
3,145.631068756462,224.271846041797
3,145.631068690187,224.271846033811
3,145.631068623912,224.271846025824
3,145.631068557638,224.271846017838
3,145.631068491363,224.271846009852
3,145.631068425088,224.271846001866
3,145.631068358813,224.27184599388
3,145.631068292539,224.271845985893
3,145.631068226264,224.271845977907
3,145.631068159989,224.271845969921
-1,145.631068093714,224.271845961935
#MOTOR_P2
-1,100,128
-1,100,128
-1,100,128
-1,100,128
-1,100,128
-1,100,128
-1,100,128
-1,100,128
-1,100,128
-1,100,128
-1,100,128
-1,100,128
-1,100,128
-1,100,128
-1,100,128
-1,100,128
-1,100,128
-1,100,128
14,98.915397644043,128.416488647461
14,101.967233896255,128.402027240023
14,105.019068002701,128.387561907992
14,108.070902109146,128.373096575961
14,111.122736215591,128.358631243929
14,114.174570322037,128.344165911898
14,117.226404428482,128.329700579867
14,120.278238534927,128.315235247836
14,123.330072641373,128.300769915804
14,126.381906747818,128.286304583773
14,129.433740854263,128.271839251742
14,132.485582590103,128.257373919711
14,135.537416696548,128.242908587679
14,138.589250802994,128.228443255648
14,141.641084909439,128.213977923617
14,144.692919015884,128.199512591586
14,147.74475312233,128.185047259554
14,150.796587228775,128.170581927523
14,153.84842133522,128.156116595492
14,156.900255441666,128.141651263461
14,159.952089548111,128.127185931429
14,163.003923654556,128.112720599398
14,166.055757761002,128.098255267367
14,169.107591867447,128.083789935336
14,172.159425973892,128.069324603304
14,175.211260080338,128.054859271273
14,178.263094186783,128.040393939242
14,181.314928293228,128.025928607211
14,184.366762399673,128.011463275179
14,187.418596506119,127.996997943148
5,98.047721862793,120.173538208008
5,99.3492403030396,118.872016906738
5,100.650761604309,119.083073958755
5,101.952282905579,119.294133529067
5,103.253804206848,119.50519309938
5,104.555325508118,119.716252669692
5,105.856846809387,119.927312240005
5,107.158368110657,120.138371810317
5,108.459889411926,120.34943138063
5,109.761410713196,120.560490950942
5,111.062932014465,120.771550521255
5,112.364453315735,120.982610091567
5,113.665974617004,121.19366966188
5,114.967495918274,121.404729232192
5,116.269017219543,121.615788802505
5,117.570538520813,121.826848372817
5,118.872059822083,122.03790794313
5,120.173581123352,122.248967513442
5,121.475102424622,122.460027083755
5,122.776623725891,122.671086654067
5,124.078145027161,122.88214622438
5,125.37966632843,123.093205794692
5,126.6811876297,123.304265365005
5,127.982708930969,123.515324935317
5,129.284230232239,123.72638450563
5,130.585743904114,123.937444075942
5,131.887257575989,124.148503646255
5,133.188771247864,124.359563216567
5,134.490284919739,124.57062278688
5,135.791798591614,124.781682357192
5,137.093312263489,124.992741927505
5,138.394825935364,125.203801497817
5,139.696339607239,125.41486106813
5,140.997853279114,125.625920638442
5,142.299366950989,125.836980208755
5,143.600880622864,126.048039779067
5,144.902394294739,126.25909934938
5,146.203907966614,126.470158919692
5,147.505421638489,126.681218490005
5,148.806935310364,126.892278060317
5,150.108448982239,127.10333763063
5,151.409962654114,127.314397200942
5,152.711476325989,127.525456771255
5,154.012989997864,127.736516341567
5,155.314503669739,127.94757591188
5,156.616017341614,128.158635482192
5,157.917531013489,128.36968742311
5,159.219044685364,128.580746993423
5,160.520558357239,128.791806563735
5,161.822072029114,129.002866134048
5,163.123585700989,129.21392570436
5,164.425099372864,129.424985274673
5,165.726613044739,129.636044844985
5,167.028126716614,129.847104415298
5,168.329640388489,130.05816398561
5,169.631154060364,130.269223555923
5,170.932667732239,130.480283126235
5,172.234181404114,130.691342696548
5,173.535695075989,130.90240226686
5,174.837208747864,131.113461837173
5,176.138722419739,131.324521407485
5,177.440236091614,131.535580977798
5,178.741749763489,131.74664054811
5,180.043263435364,131.957700118423
5,181.344777107239,132.168759688735
5,182.646290779114,132.379819259048
5,183.947804450989,132.59087882936
5,185.249318122864,132.801938399673
5,186.550831794739,133.012997969985
5,187.852345466614,133.224057540298
5,189.153859138489,133.43511711061
5,190.455372810364,133.646176680923
5,191.756886482239,133.857236251235
5,193.058400154114,134.068295821548
5,194.359913825989,134.056396484375
5,195.661427497864,134.490414962173
5,196.962941169739,134.490234375
7,100.216918945313,141.238855019212
7,100.898667037487,141.479882851243
7,101.58041447401,141.720910683274
7,102.262161910534,141.961938515306
7,102.943909347057,142.202966347337
7,103.625656783581,142.443994179368
7,104.307404220104,141.431671142578
8,100.216918945313,141.551134184003
8,100.895567774773,141.670595243573
8,101.574217677116,141.790056303144
8,102.25286757946,141.909517362714
8,102.931517481804,142.028978422284
8,103.610167384148,142.148439481854
8,104.288817286491,142.267900541425
8,104.967467188835,142.387361600995
8,105.646117091179,142.506822660565
8,106.324766993523,142.626283720136
8,107.003416895866,142.745744779706
8,107.68206679821,142.865205839276
8,108.360716700554,142.984666898847
8,109.039366602898,143.104127958417
8,109.718016505241,143.223589017987
8,110.396666407585,143.343050077558
8,111.075316309929,143.462511137128
8,111.753966212273,143.581972196698
8,112.432616114616,143.701433256269
8,113.11126601696,143.820894315839
8,113.789915919304,143.940355375409
8,114.468565821648,144.059816434979
8,115.147215723991,144.17927749455
8,115.825865626335,144.29873855412
8,116.504515528679,144.41819961369
8,117.183165431023,144.537660673261
8,117.861815333366,144.657121732831
8,118.54046523571,144.776582792401
8,119.219115138054,144.896043851972
8,119.897765040398,145.015504911542
8,120.576414942741,145.134965971112
8,121.255064845085,145.254427030683
8,121.933714747429,145.373888090253
8,122.612364649773,145.493349149823
8,123.291014552116,145.612810209394
8,123.96966445446,145.732271268964
8,124.648314356804,145.851732328534
8,125.326964259148,145.971193388104
8,126.005614161491,146.090654447675
8,126.684264063835,146.210115507245
8,127.362913966179,146.329576566815
8,128.041563868523,146.449037626386
8,128.720213770866,146.568498685956
8,129.39886367321,146.687959745526
8,130.077513575554,146.807420805097
8,130.756163477898,146.926881864667
8,131.434813380241,147.046342924237
8,132.113463282585,147.165803983808
8,132.792113184929,147.285265043378
8,133.470763087273,147.404726102948
8,134.149412989616,147.524187162519
8,134.82806289196,147.643648222089
8,135.506712794304,147.763109281659
8,136.185362696648,147.882570341229
8,136.864012598991,148.0020314008
8,137.542662501335,148.12149246037
8,138.221312403679,148.24095351994
8,138.899962306023,148.360414579511
8,139.578612208366,148.479875639081
8,140.25726211071,148.599336698651
8,140.935912013054,148.718797758222
8,141.614561915398,148.838258817792
8,142.293211817741,148.957719877362
8,142.971861720085,149.077180936933
8,143.650511622429,149.196641996503
8,144.329161524773,149.316103056073
8,145.007811427116,149.435564115644
8,145.68646132946,149.555025175214
8,146.365111231804,148.373107910156
8,147.043761134148,149.240783691406
8,147.722411036491,148.373107910156
9,100.216918945313,149.240783691406
9,100.804361104965,149.309711448848
9,101.391801595688,149.378635399044
9,101.979242086411,149.447559349239
9,102.566682577133,149.516483299434
9,103.154123067856,149.585407249629
9,103.741563558578,149.654331199825
9,104.329004049301,149.72325515002
9,104.916444540024,149.792179100215
9,105.503885030746,149.861103050411
9,106.091325521469,149.930027000606
9,106.678766012192,149.998950950801
9,107.266206502914,150.067874900997
9,107.853646993637,150.136798851192
9,108.44108748436,150.205722801387
9,109.028527975082,150.274646751583
9,109.615968465805,150.343570701778
9,110.203408956528,150.412494651973
9,110.79084944725,150.481418602169
9,111.378289937973,150.550342552364
9,111.965730428696,150.619266502559
9,112.553170919418,150.688190452754
9,113.140611410141,150.75711440295
9,113.728051900864,150.826038353145
9,114.315492391586,150.89496230334
9,114.902932882309,150.963886253536
9,115.490373373032,151.032810203731
9,116.077813863754,151.101734153926
9,116.665254354477,151.170658104122
9,117.2526948452,151.239582054317
9,117.840135335922,151.308506004512
9,118.427575826645,151.377429954708
9,119.015016317368,151.446353904903
9,119.60245680809,151.515277855098
9,120.189897298813,151.584201805294
9,120.777337789536,151.653125755489
9,121.364778280258,151.722049705684
9,121.952218770981,151.790973655879
9,122.539659261703,151.859897606075
9,123.127099752426,151.92882155627
9,123.714540243149,151.997745506465
9,124.301980733871,152.066669456661
9,124.889421224594,152.135593406856
9,125.476861715317,152.204517357051
9,126.064302206039,152.273441307247
9,126.651742696762,152.342365257442
9,127.239183187485,152.411289207637
9,127.826623678207,152.480213157833
9,128.41406416893,152.549137108028
9,129.001504659653,152.618061058223
9,129.58895277977,152.686985008419
9,130.176400899887,152.755908958614
9,130.763849020004,152.824832908809
9,131.351297140121,152.893756859004
9,131.938745260239,152.9626808092
9,132.526193380356,153.031604759395
9,133.113641500473,153.10052870959
9,133.70108962059,153.169452659786
9,134.288537740707,153.238376609981
9,134.875985860825,153.307300560176
9,135.463433980942,153.376224510372
9,136.050882101059,153.445148460567
9,136.638330221176,153.514072410762
9,137.225778341293,153.582996360958
9,137.813226461411,153.651920311153
9,138.400674581528,153.720844261348
9,138.988122701645,153.789768211544
9,139.575570821762,153.858692161739
9,140.163018941879,153.927616111934
9,140.750467061996,153.996540062129
9,141.337915182114,154.065464012325
9,141.925363302231,154.13438796252
9,142.512811422348,154.203311912715
9,143.100259542465,154.272235862911
9,143.687707662582,154.341159813106
9,144.2751557827,154.410083763301
9,144.862603902817,154.479007713497
9,145.450052022934,154.547931663692
9,146.037500143051,154.616855613887
9,146.624948263168,154.685779564083
9,147.212396383286,154.754703514278
9,147.799844503403,154.823627464473
9,148.38729262352,154.892551414669
9,148.974740743637,154.961475364864
9,149.562188863754,155.030399315059
9,150.149636983871,155.099323265254
9,150.737085103989,155.16824721545
9,151.324533224106,155.237171165645
9,151.911981344223,155.30609511584
9,152.49942946434,155.375019066036
9,153.086877584457,155.443943016231
9,153.674325704575,155.512866966426
9,154.261773824692,155.581790916622
9,154.849221944809,155.650714866817
9,155.436670064926,155.719638817012
9,156.024118185043,155.788562767208
9,156.611566305161,155.857486717403
9,157.199014425278,155.926410667598
9,157.786462545395,155.995334617794
9,158.373910665512,156.064258567989
9,158.961358785629,156.133182518184
9,159.548806905746,156.202106468379
9,160.136255025864,156.271030418575
9,160.723703145981,156.33995436877
9,161.311151266098,156.408878318965
9,161.898599386215,156.477802269161
9,162.486047506332,156.546726219356
9,163.07349562645,156.615650169551
9,163.660943746567,156.684574119747
9,164.248391866684,156.753498069942
9,164.835839986801,156.822422020137
9,165.423288106918,156.891345970333
9,166.010736227036,156.960269920528
9,166.598184347153,157.029193870723
9,167.18563246727,157.098117820919
9,167.773080587387,157.167041771114
9,168.360528707504,157.235965721309
9,168.947976827621,157.304889671504
9,169.535424947739,157.3738136217
9,170.122873067856,157.442737571895
9,170.710321187973,157.51166152209
9,171.29776930809,157.580585472286
9,171.885217428207,157.649509422481
9,172.472665548325,157.718433372676
9,173.060113668442,157.787357322872
9,173.647561788559,157.856281273067
9,174.235009908676,157.925205223262
9,174.822458028793,157.994129173458
9,175.409906148911,158.063053123653
9,175.997354269028,158.131977073848
9,176.584802389145,158.200901024044
9,177.172250509262,158.269824974239
9,177.759698629379,158.338748924434
9,178.347146749496,158.407672874629
9,178.934594869614,158.476596824825
9,179.522042989731,158.54552077502
9,180.109491109848,158.614444725215
9,180.696939229965,158.683368675411
9,181.284387350082,158.752292625606
9,181.8718354702,158.821216575801
9,182.459283590317,158.890140525997
9,183.046731710434,158.959064476192
9,183.634179830551,159.027988426387
9,184.221627950668,159.096912376583
9,184.809076070786,159.165836326778
9,185.396524190903,159.234760276973
9,185.98397231102,159.303684227169
9,186.571420431137,159.372608177364
9,187.158868551254,159.441532127559
9,187.746316671371,159.510456077754
9,188.333764791489,159.57938002795
9,188.921212911606,159.648303978145
9,189.508661031723,159.71722792834
9,190.09610915184,159.786151878536
9,190.683557271957,159.855075828731
9,191.271005392075,159.923999778926
9,191.858453512192,159.992923729122
9,192.445901632309,160.061847679317
9,193.033349752426,160.130771629512
9,193.620797872543,160.199695579708
9,194.208245992661,160.268619529903
9,194.795694112778,160.337543480098
9,195.383142232895,160.406467430294
9,195.970590353012,160.475391380489
9,196.558038473129,160.544315330684
9,197.145486593246,160.613239280879
9,197.732934713364,160.682163231075
9,198.320382833481,160.75108718127
9,198.907830953598,160.820011131465
9,199.495279073715,160.888935081661
9,200.082727193832,160.957859031856
9,200.67017531395,161.026782982051
9,201.257623434067,161.095706932247
9,201.845071554184,161.164630882442
9,202.432519674301,161.233554832637
9,203.019967794418,161.302478782833
9,203.607415914536,161.371402733028
9,204.194864034653,161.440326683223
9,204.78231215477,161.509250633419
9,205.369760274887,161.578174583614
9,205.957208395004,161.647098533809
9,206.544656515121,161.716022484004
9,207.132104635239,161.7849464342
9,207.719552755356,161.853870384395
9,208.307000875473,161.92279433459
9,208.89444899559,161.991718284786
9,209.481897115707,162.060642234981
9,210.069345235825,162.129566185176
9,210.656793355942,162.198490135372
9,211.244241476059,162.267414085567
9,211.831689596176,162.336338035762
9,212.419137716293,162.405261985958
9,213.006585836411,162.474185936153
9,213.594033956528,162.543109886348
9,214.181482076645,162.612033836544
9,214.768930196762,162.680957786739
9,215.356378316879,162.749881736934
9,215.943826436996,162.818805687129
9,216.531274557114,162.887729637325
9,217.118722677231,162.95665358752
9,217.706170797348,163.025577537715
9,218.293618917465,163.094501487911
9,218.881067037582,163.163425438106
9,219.4685151577,163.232349388301
9,220.055963277817,163.301273338497
9,220.643411397934,163.370197288692
9,221.230859518051,163.439121238887
9,221.818307638168,163.508045189083
9,222.405755758286,163.576969139278
9,222.993203878403,163.645893089473
9,223.58065199852,163.714817039669
9,224.168100118637,163.783740989864
9,224.755548238754,163.852664940059
9,225.342996358871,163.921588890254
9,225.930444478989,163.99051284045
9,226.517892599106,164.059436790645
9,227.105340719223,164.12836074084
9,227.69278883934,164.197284691036
9,228.280236959457,164.266208641231
9,228.867685079575,164.335132591426
9,229.455133199692,164.404056541622
9,230.042581319809,164.472980491817
9,230.630029439926,164.541904442012
9,231.217477560043,164.610828392208
9,231.804925680161,164.679752342403
9,232.392373800278,164.748676292598
9,232.979821920395,164.817600242794
9,233.567270040512,164.886524192989
9,234.154718160629,164.955448143184
9,234.742166280746,165.024372093379
9,235.329614400864,165.093296043575
9,235.917062520981,165.16221999377
9,236.504510641098,165.231143943965
9,237.091958761215,165.300067894161
9,237.679406881332,165.368991844356
9,238.26685500145,165.437915794551
9,238.854303121567,165.506839744747
9,239.441751241684,165.575763694942
9,240.029199361801,165.644687645137
9,240.616647481918,165.713611595333
9,241.204095602036,165.782535545528
9,241.791543722153,165.851459495723
9,242.37899184227,165.920383445919
9,242.966439962387,165.989307396114
9,243.553888082504,166.058231346309
9,244.141336202621,166.127155296504
9,244.728784322739,166.1960792467
9,245.316232442856,166.265003196895
9,245.903680562973,166.33392714709
9,246.49112868309,166.402851097286
9,247.078576803207,166.471775047481
9,247.666024923325,166.540698997676
9,248.253473043442,166.609622947872
9,248.840921163559,166.678546898067
9,249.428369283676,166.747470848262
9,250.015817403793,166.816394798458
9,250.603265523911,166.885318748653
9,251.190713644028,166.954242698848
9,251.778161764145,167.023166649044
9,252.365609884262,167.092090599239
9,252.953058004379,167.161014549434
9,253.540506124496,167.229938499629
9,254.127954244614,167.298862449825
9,254.715402364731,167.36778640002
9,255.302850484848,167.436710350215
9,255.890298604965,167.505634300411
9,256.477746725082,167.574558250606
9,257.0651948452,167.643482200801
9,257.652627706528,167.712406150997
9,258.240060567856,167.781330101192
9,258.827493429184,167.850254051387
9,259.414926290512,167.919178001583
9,260.00235915184,167.988101951778
9,260.589792013168,168.057025901973
9,261.177224874496,168.125949852169
9,261.764657735825,168.194873802364
9,262.352090597153,168.263797752559
9,262.939523458481,168.332721702754
9,263.526956319809,168.40164565295
9,264.114389181137,168.470569603145
9,264.701822042465,168.53949355334
9,265.289254903793,168.608417503536
9,265.876687765121,168.677341453731
9,266.46412062645,168.746265403926
9,267.051553487778,168.815189354122
9,267.638986349106,168.884113304317
9,268.226419210434,168.953037254512
9,268.813852071762,169.021961204708
9,269.40128493309,169.090885154903
9,269.988717794418,169.159809105098
9,270.576150655746,169.228733055294
9,271.163583517075,169.297657005489
9,271.751016378403,169.366580955684
9,272.338449239731,169.435504905879
9,272.925882101059,169.504428856075
9,273.513314962387,169.57335280627
9,274.100747823715,169.642276756465
9,274.688180685043,169.711200706661
9,275.275613546371,169.780124656856
9,275.8630464077,169.849048607051
9,276.450479269028,169.917972557247
9,277.037912130356,169.986896507442
9,277.625344991684,170.055820457637
9,278.212777853012,170.124744407833
9,278.80021071434,170.193668358028
9,279.387643575668,170.262592308223
9,279.975076436996,170.331516258419
9,280.562509298325,170.400440208614
9,281.149942159653,170.469364158809
9,281.737375020981,170.538288109004
9,282.324807882309,170.6072120592
9,282.912240743637,170.676136009395
9,283.499673604965,170.74505995959
9,284.087106466293,170.813983909786
9,284.674539327621,170.882907859981
9,285.26197218895,170.951831810176
9,285.849405050278,171.020755760372
9,286.436837911606,171.089679710567
9,287.024270772934,171.158603660762
9,287.611703634262,171.227527610958
9,288.19913649559,171.296451561153
9,288.786569356918,171.365375511348
9,289.374002218246,202.852831959724
9,289.961435079575,202.976214528084
9,290.548867940903,203.099597096443
9,291.136300802231,203.222979664803
9,291.723733663559,203.346362233162
9,292.311166524887,203.469744801521
9,292.898599386215,203.593127369881
9,293.486032247543,203.71650993824
9,294.073465108871,203.839892506599
9,294.6608979702,203.963275074959
9,295.248330831528,204.086657643318
9,295.835763692856,204.210040211678
9,296.423196554184,204.333422780037
9,297.010629415512,204.456805348396
9,297.59806227684,204.580187916756
9,298.185495138168,204.703570485115
9,298.772927999496,204.826953053474
9,299.360360860825,204.950335621834
9,299.947793722153,205.073718190193
9,300.535226583481,205.197100758553
9,301.122659444809,205.320483326912
9,301.710092306137,205.443865895271
9,302.297525167465,205.567248463631
9,302.884958028793,205.69063103199
9,303.472390890121,205.814013600349
-1,304.05982375145,205.937396168709
#MOTOR_B1
-1,100,181.553398058252
-1,100,181.553396169422
-1,100,181.553394280591
-1,100,181.55339239176
-1,100,181.55339050293
-1,100,181.553390840221
-1,100,181.553390907679
-1,100,181.553390975137
-1,100,181.553391042596
-1,100,181.553391110054
-1,100,181.553391177512
-1,100,181.55339124497
-1,100,181.553391312429
-1,100,181.553391379887
-1,100,181.553391447345
-1,100,181.553391514803
15,100,181.553391582262
15,100,181.55339164972
15,100,181.553391717178
15,100,181.553391784636
2,100,181.553391852095
2,100,181.553391919553
2,100,181.553391987011
2,100,181.553392054469
2,100,181.553392121928
2,100,181.553392189386
2,100,181.553392256844
2,100,181.553392324302
2,100,181.553392391761
2,100,181.553392459219
2,100,181.553392526677
2,100,181.553392594135
2,100,181.553392661594
2,100,181.553392729052
2,100,181.55339279651
2,100,181.553392863968
2,100,181.553392931427
2,100,181.553392998885
2,100,181.553393066343
2,100,181.553393133801
2,100,181.553393201259
2,100,181.553393268718
2,100,181.553393336176
2,100,181.553393403634
2,100,181.553393471092
2,100,181.553393538551
2,100,181.553393606009
2,100,181.553393673467
2,100,181.553393740925
2,100,181.553393808384
2,100,181.553393875842
1,100,181.5533939433
1,100,181.553394010758
1,100,181.553394078217
1,100,181.553394145675
1,100,181.553394213133
1,100,181.553394280591
1,100,181.55339434805
1,100,181.553394415508
1,100,181.553394482966
1,100,181.553394550424
1,100,181.553394617883
1,100,181.553394685341
1,100,181.553394752799
1,100,181.553394820257
1,100,181.553394887716
1,100,181.553394955174
1,100,181.553395022632
1,100,181.55339050293
1,100,181.553390633194
1,100,181.553390763458
1,100,181.553390893722
1,100,181.553391023986
1,100,181.553391154251
1,100,181.553391284515
1,100,181.553391414779
1,100,181.553391545043
1,100,181.553391675307
1,99.8543701171875,181.553391805571
1,99.8543700930008,181.553391935836
1,99.8543700688141,181.5533920661
1,99.8543700446274,181.553392196364
1,99.8543700204407,181.553392326628
1,99.854369996254,181.553392456892
1,99.8543699720673,181.553392587156
1,99.8543699478806,181.553392717421
1,99.8543699236939,181.553392847685
1,99.8543698995072,181.553392977949
1,99.8543698753205,181.553393108213
1,99.8543698511338,181.553393238477
1,99.8543698269471,181.553393368741
1,99.8543698027603,181.553393499006
1,99.8543697785736,181.55339362927
1,99.8543697543869,181.553393759534
1,99.8543697302002,181.553393889798
1,99.8543697060135,181.553394020062
1,99.8543696818268,181.553394150326
1,99.8543696576401,181.553394280591
1,99.8543696334534,180.800003051758
1,99.8543696092667,179.891528367996
1,99.85436958508,178.983050584793
1,99.8543695608933,178.07457280159
1,99.8543695367066,177.166095018387
1,99.8543695125199,176.257617235184
1,99.8543694883332,175.349139451981
1,99.8543694641465,174.440661668777
1,99.8543694399598,173.532183885574
1,99.8543694157731,172.623706102371
1,99.8543693915864,171.715228319168
1,99.8543693673997,170.806750535965
1,99.854369343213,169.898272752762
1,99.8543693190263,168.989794969559
1,99.8543692948396,168.081317186356
1,99.8543692706529,167.172839403152
1,99.8543692464661,166.264361619949
1,99.8543692222794,165.355883836746
1,99.8543691980927,164.447406053543
1,99.854369173906,163.53892827034
1,99.8543691497193,162.630450487137
1,100,161.721972703934
1,100,160.813494920731
1,100,159.905017137527
1,100,158.996539354324
1,100,158.088061571121
1,100,157.179583787918
13,100,156.271106004715
13,100,155.362628221512
13,100,154.454150438309
13,100,153.545672655106
13,100,152.637194871902
13,100,151.728717088699
13,100,150.820239305496
13,100,149.911761522293
13,100,149.00328373909
13,100,148.094805955887
13,100,147.186328172684
13,100,146.277850389481
13,100,145.369372606277
13,100,144.460894823074
13,100,143.552417039871
13,100,142.643939256668
13,100,141.735461473465
13,100,140.826983690262
13,100,139.918505907059
13,100,139.010028123856
13,100,138.101550340652
13,100,137.193072557449
13,100,136.284594774246
13,100,135.376116991043
13,100,134.46763920784
13,100,133.559161424637
13,100,132.650683641434
13,100,131.742205858231
13,100,130.833728075027
13,100,129.925250291824
13,100,129.016772508621
-1,100,128.108294725418
#MOTOR_B2
-1,4,0
-1,100,128
-1,100,128
-1,100,128
-1,100,128
-1,100,128
-1,100,128
-1,100,128
-1,100,128
-1,100,128
-1,100,128
-1,100,128
-1,100,128
-1,100,128
-1,100,128
-1,100,128
-1,100,128
-1,100,128
-1,99.7830810546875,128
14,102.804997205734,127.982643127441
14,105.826916456223,128.478459745646
14,108.848835706711,128.974271208048
14,111.870754957199,129.470090299845
14,114.892674207687,129.965909391642
14,117.914593458176,130.461728483438
14,120.936512708664,130.957547575235
14,123.958431959152,131.453366667032
14,126.980351209641,131.949185758829
14,130.002270460129,132.445004850626
14,133.024189710617,132.940823942423
14,136.046101331711,133.43664303422
14,139.068012952805,133.932462126017
14,142.089924573898,134.428281217813
14,145.111836194992,134.92410030961
14,148.133747816086,135.419919401407
14,151.15565943718,135.915738493204
14,154.177571058273,136.411557585001
14,157.199482679367,136.907376676798
14,160.221394300461,137.403195768595
14,163.243305921555,137.899014860392
14,166.265217542648,138.394833952188
14,169.287129163742,138.890653043985
14,172.309040784836,139.386472135782
14,175.33095240593,139.882291227579
14,178.352864027023,140.378110319376
14,181.374775648117,140.873929411173
14,184.396687269211,141.36974850297
14,187.418598890305,141.865567594767
5,99.7830810546875,131.019522776573
5,101.045159578323,132.10411465168
5,102.307236909866,133.188709378242
5,103.569314241409,134.273304104805
5,104.831391572952,135.357898831367
5,106.093468904495,136.44249355793
5,107.355546236038,137.527088284492
5,108.617623567581,138.611683011055
5,109.879700899124,139.696277737617
5,111.141778230667,140.78087246418
5,112.40385556221,141.865467190742
5,113.665932893753,142.950061917305
5,114.928010225296,144.034656643867
5,116.190087556839,145.11925137043
5,117.452164888382,146.203846096992
5,118.714242219925,147.288440823555
5,119.976319551468,148.373035550117
5,121.238396883011,149.45763027668
5,122.500474214554,150.542225003242
5,123.762551546097,151.626819729805
5,125.02462887764,152.711414456367
5,126.286706209183,153.79600918293
5,127.548783540726,154.880603909492
5,128.810860872269,155.965198636055
5,130.072945833206,157.049793362617
5,131.335030794144,158.13438808918
5,132.597115755081,159.218982815742
5,133.859200716019,160.303577542305
5,135.121285676956,161.388172268867
5,136.383370637894,162.47276699543
5,137.645455598831,163.557361721992
5,138.907540559769,164.641956448555
5,140.169625520706,165.726551175117
5,141.431710481644,166.81114590168
5,142.693795442581,167.895740628242
5,143.955880403519,168.980335354805
5,145.217965364456,170.064930081367
5,146.480050325394,169.229144155979
5,147.742135286331,168.393206655979
5,149.004220247269,167.557269155979
5,150.266305208206,166.721331655979
5,151.528390169144,165.885394155979
5,152.790475130081,165.049456655979
5,154.052560091019,164.213519155979
5,155.314645051956,163.377581655979
5,156.576730012894,162.541644155979
5,157.838814973831,161.705706655979
5,159.100899934769,160.869769155979
5,160.362984895706,160.033831655979
5,161.625069856644,159.197894155979
5,162.887154817581,158.361956655979
5,164.149239778519,157.526019155979
5,165.411324739456,156.690081655979
5,166.673409700394,155.854144155979
5,167.935494661331,155.018206655979
5,169.197579622269,154.182269155979
5,170.459664583206,153.346331655979
5,171.721749544144,152.510394155979
5,172.983834505081,151.674456655979
5,174.245919466019,150.838519155979
5,175.508004426956,150.002581655979
5,176.770089387894,149.166644155979
5,178.032174348831,148.330706655979
5,179.294259309769,147.494769155979
5,180.556344270706,146.658831655979
5,181.818429231644,145.822894155979
5,183.080514192581,144.986956655979
5,184.342599153519,144.151019155979
5,185.604684114456,143.315081655979
5,186.866769075394,142.479144155979
5,188.128854036331,141.643206655979
5,189.390938997269,140.807269155979
5,190.653023958206,139.971331655979
5,191.915108919144,139.135394155979
5,193.177193880081,138.299456655979
5,194.439278841019,137.463519155979
5,195.701363801956,136.627581655979
5,196.963448762894,135.791644155979
12,84.1648590021692,46.420825958252
12,84.7895848751068,46.6167534440756
12,85.4143102169037,46.8126801103354
12,86.0390355587006,47.0086067765951
12,86.6637609004974,47.2045334428549
12,87.2884862422943,47.4004601091146
12,87.9132115840912,47.5963867753744
12,88.5379369258881,47.7923134416342
12,89.1626622676849,47.9882401078939
12,89.7873876094818,48.1841667741537
12,90.4121129512787,48.3800934404135
12,91.0368382930756,48.5760201066732
12,91.6615636348724,48.771946772933
12,92.2862889766693,48.9678734391928
12,92.9110143184662,49.1638001054525
12,93.5357396602631,49.3597267717123
12,94.1604650020599,49.5556534379721
12,94.7851903438568,49.7515801042318
12,95.4099156856537,49.9475067704916
12,96.0346410274506,50.1434334367514
12,96.6593663692474,50.3393601030111
12,97.2840917110443,50.5352867692709
12,97.9088170528412,50.7312134355307
12,98.5335423946381,50.9271401017904
12,99.1582677364349,51.1230667680502
-1,99.7829930782318,51.31899343431
-1,198.698369383812,51.5149201005697
-1,199.999883055687,51.7108467668295
-1,201.301396727562,51.9067734330893
-1,202.602910399437,52.102700099349
-1,203.904424071312,52.2986267656088
-1,205.205937743187,52.4945534318686
11,89.3709335327148,170.065078735352
11,91.6086329221725,170.179246835411
11,92.1109751462936,170.293413095176
11,92.6133173704147,170.407579354942
11,93.1156595945358,170.521745614707
11,93.6180018186569,170.635911874473
11,94.120344042778,170.750078134239
11,94.6226862668991,170.864244394004
11,95.1250284910202,170.97841065377
11,95.6273707151413,171.092576913536
11,96.1297129392624,171.206743173301
11,96.6320551633835,171.320909433067
11,97.1343973875046,171.435075692832
11,97.6367396116257,171.549241952598
11,98.1390818357468,171.663408212364
11,98.6414240598679,171.777574472129
11,99.143766283989,171.891740731895
11,99.64610850811,172.005906991661
11,100.148450732231,172.120073251426
11,100.650792956352,172.234239511192
10,86.4326545000076,162.312553927302
10,86.9650946855545,162.369148775935
10,87.4975348711014,162.425743624568
10,88.0299750566483,162.482338473201
10,88.5624152421951,162.538933321834
10,89.094855427742,162.595528170466
10,89.6272956132889,162.652123019099
10,90.1597357988358,162.708717867732
10,90.6921759843826,162.765312716365
10,91.2246161699295,162.821907564998
10,91.7570563554764,162.87850241363
10,92.2894965410233,162.935097262263
10,92.8219367265701,162.991692110896
10,93.354376912117,163.048286959529
10,93.8868170976639,163.104881808162
10,94.4192572832108,163.161476656795
10,94.9516974687576,163.218071505427
10,95.4841376543045,163.27466635406
10,96.0165778398514,163.331261202693
10,96.5490180253983,163.387856051326
10,97.0814582109451,163.444450899959
10,97.613898396492,163.501045748591
9,98.1463385820389,163.557640597224
9,98.6787787675858,163.123641967773
9,99.2112189531326,163.182187788188
9,99.7436591386795,163.240735761821
9,100.276099324226,163.299283735454
9,100.808539509773,163.357831709087
9,101.34097969532,163.41637968272
9,101.873419880867,163.474927656353
9,102.405860066414,163.533475629985
9,102.938300251961,163.592023603618
9,103.470740437508,163.650571577251
9,104.003180623055,163.709119550884
9,104.535620808601,163.767667524517
9,105.068060994148,163.826215498149
9,105.600501179695,163.884763471782
9,106.132941365242,163.943311445415
9,106.665381550789,164.001859419048
9,107.197821736336,164.060407392681
9,107.730261921883,164.118955366313
9,108.26270210743,164.177503339946
9,108.795142292976,164.236051313579
9,109.327582478523,164.294599287212
9,110.54126894474,164.353147260845
9,111.12306368351,164.411695234478
9,111.704858422279,164.47024320811
9,112.286653161049,164.528791181743
9,112.868447899818,164.587339155376
9,113.450242638588,164.645887129009
9,114.032037377357,164.704435102642
9,114.613832116127,164.762983076274
9,115.195626854897,164.821531049907
9,115.777421593666,164.88007902354
9,116.359216332436,164.938626997173
9,116.941011071205,164.997174970806
9,117.522805809975,165.055722944438
9,118.104600548744,165.114270918071
9,118.686395287514,165.172818891704
9,119.268190026283,165.231366865337
9,119.849984765053,165.28991483897
9,120.431779503822,165.348462812603
9,121.013574242592,165.407010786235
9,121.595368981361,165.465558759868
9,122.177163720131,165.524106733501
9,122.7589584589,165.582654707134
9,123.34075319767,165.641202680767
9,123.92254793644,165.699750654399
9,124.504342675209,165.758298628032
9,125.086137413979,165.816846601665
9,125.667932152748,165.875394575298
9,126.249726891518,165.933942548931
9,126.831521630287,165.992490522563
9,127.413316369057,166.051038496196
9,127.995111107826,166.109586469829
9,128.576905846596,166.168134443462
9,129.158700585365,166.226682417095
9,129.740502953529,166.285230390728
9,130.322305321693,166.34377836436
9,130.904107689857,166.402326337993
9,131.485910058022,166.460874311626
9,132.067712426186,166.519422285259
9,132.64951479435,166.577970258892
9,133.231317162514,166.636518232524
9,133.813119530678,166.695066206157
9,134.394921898842,166.75361417979
9,134.976724267006,166.812162153423
9,135.55852663517,166.870710127056
9,136.140329003334,166.929258100688
9,136.722131371498,166.987806074321
9,137.303933739662,167.046354047954
9,137.885736107826,167.104902021587
9,138.46753847599,167.16344999522
9,139.049340844154,167.221997968853
9,139.631143212318,167.280545942485
9,140.212945580482,167.339093916118
9,140.794747948647,167.397641889751
9,141.376550316811,167.456189863384
9,141.958352684975,167.514737837017
9,142.540155053139,167.573285810649
9,143.121957421303,167.631833784282
9,143.703759789467,167.690381757915
9,144.285562157631,167.748929731548
9,144.867364525795,167.807477705181
9,145.449166893959,167.866025678813
9,146.030969262123,167.924573652446
9,146.612771630287,167.983121626079
9,147.194573998451,168.041669599712
9,147.776376366615,168.100217573345
9,148.358178734779,168.158765546978
9,148.939981102943,168.21731352061
9,149.521783471107,168.275861494243
9,150.103585839272,168.334409467876
9,150.685388207436,168.392957441509
9,151.2671905756,168.451505415142
9,151.848992943764,168.510053388774
9,152.430795311928,168.568601362407
9,153.012597680092,168.62714933604
9,153.594400048256,168.685697309673
9,154.17620241642,168.744245283306
9,154.758004784584,168.802793256938
9,155.339807152748,168.861341230571
9,155.921609520912,168.919889204204
9,156.503411889076,168.978437177837
9,157.08521425724,169.03698515147
9,157.667016625404,169.095533125103
9,158.248818993568,169.154081098735
9,158.830621361732,169.212629072368
9,159.412423729897,169.271177046001
9,159.994226098061,169.329725019634
9,160.576028466225,169.388272993267
9,161.157830834389,169.446820966899
9,161.739633202553,169.505368940532
9,162.321435570717,169.563916914165
9,162.903237938881,169.622464887798
9,163.485040307045,169.681012861431
9,164.066842675209,169.739560835063
9,164.648645043373,169.798108808696
9,165.230447411537,169.856656782329
9,165.812249779701,169.915204755962
9,166.394052147865,169.973752729595
9,166.975854516029,170.032300703228
9,167.557656884193,170.09084867686
9,168.139459252357,170.149396650493
9,168.721261620522,170.207944624126
9,169.303063988686,170.266492597759
9,169.88486635685,170.325040571392
9,170.466668725014,170.383588545024
9,171.048471093178,170.442136518657
9,171.630273461342,170.50068449229
9,172.212075829506,170.559232465923
9,172.79387819767,170.617780439556
9,173.375680565834,170.676328413188
9,173.957482933998,170.734876386821
9,174.539285302162,170.793424360454
9,175.121087670326,170.851972334087
9,175.70289003849,170.91052030772
9,176.284692406654,170.969068281353
9,176.866494774818,171.027616254985
9,177.448297142982,171.086164228618
9,178.030099511147,171.144712202251
9,178.611901879311,171.203260175884
9,179.193704247475,171.261808149517
9,179.775506615639,171.320356123149
9,180.357308983803,171.378904096782
9,180.939111351967,171.437452070415
9,181.520913720131,171.496000044048
9,182.102716088295,171.554548017681
9,182.684518456459,171.613095991313
9,183.266320824623,171.671643964946
9,183.848123192787,171.730191938579
9,184.429925560951,171.788739912212
9,185.011727929115,171.847287885845
9,185.593530297279,171.905835859478
9,186.175332665443,171.96438383311
9,186.757135033607,172.022931806743
9,187.338937401772,172.081479780376
9,187.920739769936,172.140027754009
9,188.5025421381,172.198575727642
9,189.084344506264,172.257123701274
9,189.666146874428,172.315671674907
9,190.247949242592,172.37421964854
9,190.829751610756,172.432767622173
9,191.41155397892,172.491315595806
9,191.993356347084,172.549863569438
9,192.575158715248,172.608411543071
9,193.156961083412,172.666959516704
9,193.738763451576,172.725507490337
9,194.32056581974,172.78405546397
9,194.902368187904,172.842603437603
9,195.484170556068,172.901151411235
9,196.065972924232,172.959699384868
9,196.647775292397,173.018247358501
9,197.229577660561,173.076795332134
9,197.811380028725,173.135343305767
9,198.393182396889,173.193891279399
9,198.974984765053,173.252439253032
9,199.556787133217,173.310987226665
9,200.138589501381,173.369535200298
9,200.720391869545,173.428083173931
9,201.302194237709,173.486631147563
9,201.883996605873,173.545179121196
9,202.465798974037,173.603727094829
9,203.047601342201,173.662275068462
9,203.629403710365,173.720823042095
9,204.211206078529,173.779371015728
9,204.793008446693,173.83791898936
9,205.374810814857,173.896466962993
9,205.956613183022,173.955014936626
9,206.538415551186,174.013562910259
9,207.12021791935,174.072110883892
9,207.702020287514,174.130658857524
9,208.283822655678,174.189206831157
9,208.865625023842,174.24775480479
9,209.447427392006,174.306302778423
9,210.02922976017,174.364850752056
9,210.611032128334,174.423398725688
9,211.192834496498,174.481946699321
9,211.774636864662,174.540494672954
9,212.356439232826,174.599042646587
9,212.93824160099,174.65759062022
9,213.520043969154,174.716138593853
9,214.101846337318,174.774686567485
9,214.683648705482,174.833234541118
9,215.265451073647,174.891782514751
9,215.847253441811,174.950330488384
9,216.429055809975,175.008878462017
9,217.010858178139,175.067426435649
9,217.592660546303,175.125974409282
9,218.174462914467,175.184522382915
9,218.756265282631,175.243070356548
9,219.338067650795,175.301618330181
9,219.919870018959,175.360166303813
9,220.501672387123,175.418714277446
9,221.083474755287,175.477262251079
9,221.665277123451,175.535810224712
9,222.247079491615,175.594358198345
9,222.828881859779,175.652906171978
9,223.410684227943,175.71145414561
9,223.992486596107,175.770002119243
9,224.574288964272,175.828550092876
9,225.156091332436,175.887098066509
9,225.7378937006,175.945646040142
9,226.319696068764,176.004194013774
9,226.901498436928,176.062741987407
9,227.483300805092,176.12128996104
9,228.065103173256,176.179837934673
9,228.64690554142,176.238385908306
9,229.228707909584,176.296933881938
9,229.810510277748,176.355481855571
9,230.392312645912,176.414029829204
9,230.974115014076,176.472577802837
9,231.55591738224,176.53112577647
9,232.137719750404,176.589673750103
9,232.719522118568,176.648221723735
9,233.301324486732,176.706769697368
9,233.883126854897,176.765317671001
9,234.464929223061,176.823865644634
9,235.046731591225,176.882413618267
9,235.628533959389,176.940961591899
9,236.210336327553,176.999509565532
9,236.792138695717,177.058057539165
9,237.373941063881,177.116605512798
9,237.955743432045,177.175153486431
9,238.537545800209,177.233701460063
9,239.119348168373,177.292249433696
9,239.701150536537,177.350797407329
9,240.282952904701,177.409345380962
9,240.864755272865,177.467893354595
9,241.446557641029,177.526441328228
9,242.028360009193,177.58498930186
9,242.610162377357,177.643537275493
9,243.191964745522,177.702085249126
9,243.773767113686,177.760633222759
9,244.35556948185,177.819181196392
9,244.937371850014,177.877729170024
9,245.519174218178,177.936277143657
9,246.100976586342,177.99482511729
9,246.682778954506,178.053373090923
9,247.26458132267,178.111921064556
9,247.846383690834,178.170469038188
9,248.428186058998,178.229017011821
9,249.009988427162,178.287564985454
9,249.591790795326,178.346112959087
9,250.17359316349,178.40466093272
9,250.755395531654,178.463208906353
9,251.337197899818,178.521756879985
9,251.919000267982,178.580304853618
9,252.500802636147,178.638852827251
9,253.082605004311,178.697400800884
9,253.664407372475,178.755948774517
9,254.246209740639,178.814496748149
9,254.828012108803,178.873044721782
9,255.409814476967,178.931592695415
9,255.991616845131,178.990140669048
9,256.573419213295,179.048688642681
9,257.155221581459,179.107236616313
9,257.737008690834,179.165784589946
9,258.318795800209,179.224332563579
9,258.900582909584,179.282880537212
9,259.482370018959,179.341428510845
9,260.064157128334,179.399976484478
9,260.645944237709,179.45852445811
9,261.227731347084,179.517072431743
9,261.809518456459,179.575620405376
9,262.391305565834,179.634168379009
9,262.973092675209,179.692716352642
9,263.554879784584,179.751264326274
9,264.136666893959,179.809812299907
9,264.718454003334,179.86836027354
9,265.300241112709,179.926908247173
9,265.882028222084,179.985456220806
9,266.463815331459,180.044004194438
9,267.045602440834,340.267636734992
9,267.627389550209,340.296781022102
9,268.209176659584,340.325925309211
9,268.790963768959,340.35506959632
9,269.372750878334,340.38421388343
9,269.954537987709,340.413358170539
9,270.536325097084,340.442502457649
9,271.118112206459,340.471646744758
9,271.699899315834,340.500791031867
9,272.281686425209,340.529935318977
9,272.863473534584,340.559079606086
9,273.445260643959,340.588223893195
9,274.027047753334,340.617368180305
9,274.608834862709,340.646512467414
9,275.190621972084,340.675656754524
9,275.772409081459,340.704801041633
9,276.354196190834,340.733945328742
9,276.935983300209,340.763089615852
9,277.517770409584,340.792233902961
9,278.099557518959,340.82137819007
9,278.681344628334,340.85052247718
9,279.263131737709,340.879666764289
9,279.844918847084,340.908811051399
9,280.426705956459,340.937955338508
9,281.008493065834,340.967099625617
9,281.590280175209,340.996243912727
9,282.172067284584,341.025388199836
9,282.753854393959,341.054532486945
9,283.335641503334,341.083676774055
9,283.917428612709,341.112821061164
9,284.499215722084,341.141965348274
9,285.081002831459,341.171109635383
9,285.662789940834,341.200253922492
9,286.244577050209,341.229398209602
9,286.826364159584,341.258542496711
9,287.408151268959,341.28768678382
9,287.989938378334,341.31683107093
9,288.571725487709,341.345975358039
9,289.153512597084,341.375119645149
9,289.735299706459,341.404263932258
9,290.317086815834,341.433408219367
9,290.898873925209,341.462552506477
9,291.480661034584,341.491696793586
9,292.062448143959,341.520841080695
9,292.644235253334,341.549985367805
9,293.226022362709,341.579129654914
9,293.807809472084,341.608273942024
9,294.389596581459,341.637418229133
9,294.971383690834,341.666562516242
9,295.553170800209,341.695706803352
9,296.134957909584,341.724851090461
9,296.716745018959,341.75399537757
9,297.298532128334,341.78313966468
9,297.880319237709,341.812283951789
9,298.462106347084,341.841428238899
9,299.043893456459,341.870572526008
9,299.625680565834,341.899716813117
9,300.207467675209,341.928861100227
9,300.789254784584,341.958005387336
9,301.371041893959,341.987149674445
-1,301.952829003334,342.016293961555
